(0, [1, 2, 3, 4, 5, 6])
(1, [1, 2, 3, 4, 6, 5])
(2, [1, 2, 3, 6, 4, 5])
(3, [1, 2, 6, 3, 4, 5])
(4, [1, 6, 2, 3, 4, 5])
(5, [6, 1, 2, 3, 4, 5])
(6, [6, 1, 2, 3, 5, 4])
(7, [1, 6, 2, 3, 5, 4])
(8, [1, 2, 6, 3, 5, 4])
(9, [1, 2, 3, 6, 5, 4])
(10, [1, 2, 3, 5, 6, 4])
(11, [1, 2, 3, 5, 4, 6])
(12, [1, 2, 5, 3, 4, 6])
(13, [1, 2, 5, 3, 6, 4])
(14, [1, 2, 5, 6, 3, 4])
(15, [1, 2, 6, 5, 3, 4])
(16, [1, 6, 2, 5, 3, 4])
(17, [6, 1, 2, 5, 3, 4])
(18, [6, 1, 5, 2, 3, 4])
(19, [1, 6, 5, 2, 3, 4])
(20, [1, 5, 6, 2, 3, 4])
(21, [1, 5, 2, 6, 3, 4])
(22, [1, 5, 2, 3, 6, 4])
(23, [1, 5, 2, 3, 4, 6])
(24, [5, 1, 2, 3, 4, 6])
(25, [5, 1, 2, 3, 6, 4])
(26, [5, 1, 2, 6, 3, 4])
(27, [5, 1, 6, 2, 3, 4])
(28, [5, 6, 1, 2, 3, 4])
(29, [6, 5, 1, 2, 3, 4])
(30, [6, 5, 1, 2, 4, 3])
(31, [5, 6, 1, 2, 4, 3])
(32, [5, 1, 6, 2, 4, 3])
(33, [5, 1, 2, 6, 4, 3])
(34, [5, 1, 2, 4, 6, 3])
(35, [5, 1, 2, 4, 3, 6])
(36, [1, 5, 2, 4, 3, 6])
(37, [1, 5, 2, 4, 6, 3])
(38, [1, 5, 2, 6, 4, 3])
(39, [1, 5, 6, 2, 4, 3])
(40, [1, 6, 5, 2, 4, 3])
(41, [6, 1, 5, 2, 4, 3])
(42, [6, 1, 2, 5, 4, 3])
(43, [1, 6, 2, 5, 4, 3])
(44, [1, 2, 6, 5, 4, 3])
(45, [1, 2, 5, 6, 4, 3])
(46, [1, 2, 5, 4, 6, 3])
(47, [1, 2, 5, 4, 3, 6])
(48, [1, 2, 4, 5, 3, 6])
(49, [1, 2, 4, 5, 6, 3])
(50, [1, 2, 4, 6, 5, 3])
(51, [1, 2, 6, 4, 5, 3])
(52, [1, 6, 2, 4, 5, 3])
(53, [6, 1, 2, 4, 5, 3])
(54, [6, 1, 2, 4, 3, 5])
(55, [1, 6, 2, 4, 3, 5])
(56, [1, 2, 6, 4, 3, 5])
(57, [1, 2, 4, 6, 3, 5])
(58, [1, 2, 4, 3, 6, 5])
(59, [1, 2, 4, 3, 5, 6])
(60, [1, 4, 2, 3, 5, 6])
(61, [1, 4, 2, 3, 6, 5])
(62, [1, 4, 2, 6, 3, 5])
(63, [1, 4, 6, 2, 3, 5])
(64, [1, 6, 4, 2, 3, 5])
(65, [6, 1, 4, 2, 3, 5])
(66, [6, 1, 4, 2, 5, 3])
(67, [1, 6, 4, 2, 5, 3])
(68, [1, 4, 6, 2, 5, 3])
(69, [1, 4, 2, 6, 5, 3])
(70, [1, 4, 2, 5, 6, 3])
(71, [1, 4, 2, 5, 3, 6])
(72, [1, 4, 5, 2, 3, 6])
(73, [1, 4, 5, 2, 6, 3])
(74, [1, 4, 5, 6, 2, 3])
(75, [1, 4, 6, 5, 2, 3])
(76, [1, 6, 4, 5, 2, 3])
(77, [6, 1, 4, 5, 2, 3])
(78, [6, 1, 5, 4, 2, 3])
(79, [1, 6, 5, 4, 2, 3])
(80, [1, 5, 6, 4, 2, 3])
(81, [1, 5, 4, 6, 2, 3])
(82, [1, 5, 4, 2, 6, 3])
(83, [1, 5, 4, 2, 3, 6])
(84, [5, 1, 4, 2, 3, 6])
(85, [5, 1, 4, 2, 6, 3])
(86, [5, 1, 4, 6, 2, 3])
(87, [5, 1, 6, 4, 2, 3])
(88, [5, 6, 1, 4, 2, 3])
(89, [6, 5, 1, 4, 2, 3])
(90, [6, 5, 4, 1, 2, 3])
(91, [5, 6, 4, 1, 2, 3])
(92, [5, 4, 6, 1, 2, 3])
(93, [5, 4, 1, 6, 2, 3])
(94, [5, 4, 1, 2, 6, 3])
(95, [5, 4, 1, 2, 3, 6])
(96, [4, 5, 1, 2, 3, 6])
(97, [4, 5, 1, 2, 6, 3])
(98, [4, 5, 1, 6, 2, 3])
(99, [4, 5, 6, 1, 2, 3])
(100, [4, 6, 5, 1, 2, 3])
(101, [6, 4, 5, 1, 2, 3])
(102, [6, 4, 1, 5, 2, 3])
(103, [4, 6, 1, 5, 2, 3])
(104, [4, 1, 6, 5, 2, 3])
(105, [4, 1, 5, 6, 2, 3])
(106, [4, 1, 5, 2, 6, 3])
(107, [4, 1, 5, 2, 3, 6])
(108, [4, 1, 2, 5, 3, 6])
(109, [4, 1, 2, 5, 6, 3])
(110, [4, 1, 2, 6, 5, 3])
(111, [4, 1, 6, 2, 5, 3])
(112, [4, 6, 1, 2, 5, 3])
(113, [6, 4, 1, 2, 5, 3])
(114, [6, 4, 1, 2, 3, 5])
(115, [4, 6, 1, 2, 3, 5])
(116, [4, 1, 6, 2, 3, 5])
(117, [4, 1, 2, 6, 3, 5])
(118, [4, 1, 2, 3, 6, 5])
(119, [4, 1, 2, 3, 5, 6])
(120, [4, 1, 3, 2, 5, 6])
(121, [4, 1, 3, 2, 6, 5])
(122, [4, 1, 3, 6, 2, 5])
(123, [4, 1, 6, 3, 2, 5])
(124, [4, 6, 1, 3, 2, 5])
(125, [6, 4, 1, 3, 2, 5])
(126, [6, 4, 1, 3, 5, 2])
(127, [4, 6, 1, 3, 5, 2])
(128, [4, 1, 6, 3, 5, 2])
(129, [4, 1, 3, 6, 5, 2])
(130, [4, 1, 3, 5, 6, 2])
(131, [4, 1, 3, 5, 2, 6])
(132, [4, 1, 5, 3, 2, 6])
(133, [4, 1, 5, 3, 6, 2])
(134, [4, 1, 5, 6, 3, 2])
(135, [4, 1, 6, 5, 3, 2])
(136, [4, 6, 1, 5, 3, 2])
(137, [6, 4, 1, 5, 3, 2])
(138, [6, 4, 5, 1, 3, 2])
(139, [4, 6, 5, 1, 3, 2])
(140, [4, 5, 6, 1, 3, 2])
(141, [4, 5, 1, 6, 3, 2])
(142, [4, 5, 1, 3, 6, 2])
(143, [4, 5, 1, 3, 2, 6])
(144, [5, 4, 1, 3, 2, 6])
(145, [5, 4, 1, 3, 6, 2])
(146, [5, 4, 1, 6, 3, 2])
(147, [5, 4, 6, 1, 3, 2])
(148, [5, 6, 4, 1, 3, 2])
(149, [6, 5, 4, 1, 3, 2])
(150, [6, 5, 1, 4, 3, 2])
(151, [5, 6, 1, 4, 3, 2])
(152, [5, 1, 6, 4, 3, 2])
(153, [5, 1, 4, 6, 3, 2])
(154, [5, 1, 4, 3, 6, 2])
(155, [5, 1, 4, 3, 2, 6])
(156, [1, 5, 4, 3, 2, 6])
(157, [1, 5, 4, 3, 6, 2])
(158, [1, 5, 4, 6, 3, 2])
(159, [1, 5, 6, 4, 3, 2])
(160, [1, 6, 5, 4, 3, 2])
(161, [6, 1, 5, 4, 3, 2])
(162, [6, 1, 4, 5, 3, 2])
(163, [1, 6, 4, 5, 3, 2])
(164, [1, 4, 6, 5, 3, 2])
(165, [1, 4, 5, 6, 3, 2])
(166, [1, 4, 5, 3, 6, 2])
(167, [1, 4, 5, 3, 2, 6])
(168, [1, 4, 3, 5, 2, 6])
(169, [1, 4, 3, 5, 6, 2])
(170, [1, 4, 3, 6, 5, 2])
(171, [1, 4, 6, 3, 5, 2])
(172, [1, 6, 4, 3, 5, 2])
(173, [6, 1, 4, 3, 5, 2])
(174, [6, 1, 4, 3, 2, 5])
(175, [1, 6, 4, 3, 2, 5])
(176, [1, 4, 6, 3, 2, 5])
(177, [1, 4, 3, 6, 2, 5])
(178, [1, 4, 3, 2, 6, 5])
(179, [1, 4, 3, 2, 5, 6])
(180, [1, 3, 4, 2, 5, 6])
(181, [1, 3, 4, 2, 6, 5])
(182, [1, 3, 4, 6, 2, 5])
(183, [1, 3, 6, 4, 2, 5])
(184, [1, 6, 3, 4, 2, 5])
(185, [6, 1, 3, 4, 2, 5])
(186, [6, 1, 3, 4, 5, 2])
(187, [1, 6, 3, 4, 5, 2])
(188, [1, 3, 6, 4, 5, 2])
(189, [1, 3, 4, 6, 5, 2])
(190, [1, 3, 4, 5, 6, 2])
(191, [1, 3, 4, 5, 2, 6])
(192, [1, 3, 5, 4, 2, 6])
(193, [1, 3, 5, 4, 6, 2])
(194, [1, 3, 5, 6, 4, 2])
(195, [1, 3, 6, 5, 4, 2])
(196, [1, 6, 3, 5, 4, 2])
(197, [6, 1, 3, 5, 4, 2])
(198, [6, 1, 5, 3, 4, 2])
(199, [1, 6, 5, 3, 4, 2])
(200, [1, 5, 6, 3, 4, 2])
(201, [1, 5, 3, 6, 4, 2])
(202, [1, 5, 3, 4, 6, 2])
(203, [1, 5, 3, 4, 2, 6])
(204, [5, 1, 3, 4, 2, 6])
(205, [5, 1, 3, 4, 6, 2])
(206, [5, 1, 3, 6, 4, 2])
(207, [5, 1, 6, 3, 4, 2])
(208, [5, 6, 1, 3, 4, 2])
(209, [6, 5, 1, 3, 4, 2])
(210, [6, 5, 1, 3, 2, 4])
(211, [5, 6, 1, 3, 2, 4])
(212, [5, 1, 6, 3, 2, 4])
(213, [5, 1, 3, 6, 2, 4])
(214, [5, 1, 3, 2, 6, 4])
(215, [5, 1, 3, 2, 4, 6])
(216, [1, 5, 3, 2, 4, 6])
(217, [1, 5, 3, 2, 6, 4])
(218, [1, 5, 3, 6, 2, 4])
(219, [1, 5, 6, 3, 2, 4])
(220, [1, 6, 5, 3, 2, 4])
(221, [6, 1, 5, 3, 2, 4])
(222, [6, 1, 3, 5, 2, 4])
(223, [1, 6, 3, 5, 2, 4])
(224, [1, 3, 6, 5, 2, 4])
(225, [1, 3, 5, 6, 2, 4])
(226, [1, 3, 5, 2, 6, 4])
(227, [1, 3, 5, 2, 4, 6])
(228, [1, 3, 2, 5, 4, 6])
(229, [1, 3, 2, 5, 6, 4])
(230, [1, 3, 2, 6, 5, 4])
(231, [1, 3, 6, 2, 5, 4])
(232, [1, 6, 3, 2, 5, 4])
(233, [6, 1, 3, 2, 5, 4])
(234, [6, 1, 3, 2, 4, 5])
(235, [1, 6, 3, 2, 4, 5])
(236, [1, 3, 6, 2, 4, 5])
(237, [1, 3, 2, 6, 4, 5])
(238, [1, 3, 2, 4, 6, 5])
(239, [1, 3, 2, 4, 5, 6])
(240, [3, 1, 2, 4, 5, 6])
(241, [3, 1, 2, 4, 6, 5])
(242, [3, 1, 2, 6, 4, 5])
(243, [3, 1, 6, 2, 4, 5])
(244, [3, 6, 1, 2, 4, 5])
(245, [6, 3, 1, 2, 4, 5])
(246, [6, 3, 1, 2, 5, 4])
(247, [3, 6, 1, 2, 5, 4])
(248, [3, 1, 6, 2, 5, 4])
(249, [3, 1, 2, 6, 5, 4])
(250, [3, 1, 2, 5, 6, 4])
(251, [3, 1, 2, 5, 4, 6])
(252, [3, 1, 5, 2, 4, 6])
(253, [3, 1, 5, 2, 6, 4])
(254, [3, 1, 5, 6, 2, 4])
(255, [3, 1, 6, 5, 2, 4])
(256, [3, 6, 1, 5, 2, 4])
(257, [6, 3, 1, 5, 2, 4])
(258, [6, 3, 5, 1, 2, 4])
(259, [3, 6, 5, 1, 2, 4])
(260, [3, 5, 6, 1, 2, 4])
(261, [3, 5, 1, 6, 2, 4])
(262, [3, 5, 1, 2, 6, 4])
(263, [3, 5, 1, 2, 4, 6])
(264, [5, 3, 1, 2, 4, 6])
(265, [5, 3, 1, 2, 6, 4])
(266, [5, 3, 1, 6, 2, 4])
(267, [5, 3, 6, 1, 2, 4])
(268, [5, 6, 3, 1, 2, 4])
(269, [6, 5, 3, 1, 2, 4])
(270, [6, 5, 3, 1, 4, 2])
(271, [5, 6, 3, 1, 4, 2])
(272, [5, 3, 6, 1, 4, 2])
(273, [5, 3, 1, 6, 4, 2])
(274, [5, 3, 1, 4, 6, 2])
(275, [5, 3, 1, 4, 2, 6])
(276, [3, 5, 1, 4, 2, 6])
(277, [3, 5, 1, 4, 6, 2])
(278, [3, 5, 1, 6, 4, 2])
(279, [3, 5, 6, 1, 4, 2])
(280, [3, 6, 5, 1, 4, 2])
(281, [6, 3, 5, 1, 4, 2])
(282, [6, 3, 1, 5, 4, 2])
(283, [3, 6, 1, 5, 4, 2])
(284, [3, 1, 6, 5, 4, 2])
(285, [3, 1, 5, 6, 4, 2])
(286, [3, 1, 5, 4, 6, 2])
(287, [3, 1, 5, 4, 2, 6])
(288, [3, 1, 4, 5, 2, 6])
(289, [3, 1, 4, 5, 6, 2])
(290, [3, 1, 4, 6, 5, 2])
(291, [3, 1, 6, 4, 5, 2])
(292, [3, 6, 1, 4, 5, 2])
(293, [6, 3, 1, 4, 5, 2])
(294, [6, 3, 1, 4, 2, 5])
(295, [3, 6, 1, 4, 2, 5])
(296, [3, 1, 6, 4, 2, 5])
(297, [3, 1, 4, 6, 2, 5])
(298, [3, 1, 4, 2, 6, 5])
(299, [3, 1, 4, 2, 5, 6])
(300, [3, 4, 1, 2, 5, 6])
(301, [3, 4, 1, 2, 6, 5])
(302, [3, 4, 1, 6, 2, 5])
(303, [3, 4, 6, 1, 2, 5])
(304, [3, 6, 4, 1, 2, 5])
(305, [6, 3, 4, 1, 2, 5])
(306, [6, 3, 4, 1, 5, 2])
(307, [3, 6, 4, 1, 5, 2])
(308, [3, 4, 6, 1, 5, 2])
(309, [3, 4, 1, 6, 5, 2])
(310, [3, 4, 1, 5, 6, 2])
(311, [3, 4, 1, 5, 2, 6])
(312, [3, 4, 5, 1, 2, 6])
(313, [3, 4, 5, 1, 6, 2])
(314, [3, 4, 5, 6, 1, 2])
(315, [3, 4, 6, 5, 1, 2])
(316, [3, 6, 4, 5, 1, 2])
(317, [6, 3, 4, 5, 1, 2])
(318, [6, 3, 5, 4, 1, 2])
(319, [3, 6, 5, 4, 1, 2])
(320, [3, 5, 6, 4, 1, 2])
(321, [3, 5, 4, 6, 1, 2])
(322, [3, 5, 4, 1, 6, 2])
(323, [3, 5, 4, 1, 2, 6])
(324, [5, 3, 4, 1, 2, 6])
(325, [5, 3, 4, 1, 6, 2])
(326, [5, 3, 4, 6, 1, 2])
(327, [5, 3, 6, 4, 1, 2])
(328, [5, 6, 3, 4, 1, 2])
(329, [6, 5, 3, 4, 1, 2])
(330, [6, 5, 4, 3, 1, 2])
(331, [5, 6, 4, 3, 1, 2])
(332, [5, 4, 6, 3, 1, 2])
(333, [5, 4, 3, 6, 1, 2])
(334, [5, 4, 3, 1, 6, 2])
(335, [5, 4, 3, 1, 2, 6])
(336, [4, 5, 3, 1, 2, 6])
(337, [4, 5, 3, 1, 6, 2])
(338, [4, 5, 3, 6, 1, 2])
(339, [4, 5, 6, 3, 1, 2])
(340, [4, 6, 5, 3, 1, 2])
(341, [6, 4, 5, 3, 1, 2])
(342, [6, 4, 3, 5, 1, 2])
(343, [4, 6, 3, 5, 1, 2])
(344, [4, 3, 6, 5, 1, 2])
(345, [4, 3, 5, 6, 1, 2])
(346, [4, 3, 5, 1, 6, 2])
(347, [4, 3, 5, 1, 2, 6])
(348, [4, 3, 1, 5, 2, 6])
(349, [4, 3, 1, 5, 6, 2])
(350, [4, 3, 1, 6, 5, 2])
(351, [4, 3, 6, 1, 5, 2])
(352, [4, 6, 3, 1, 5, 2])
(353, [6, 4, 3, 1, 5, 2])
(354, [6, 4, 3, 1, 2, 5])
(355, [4, 6, 3, 1, 2, 5])
(356, [4, 3, 6, 1, 2, 5])
(357, [4, 3, 1, 6, 2, 5])
(358, [4, 3, 1, 2, 6, 5])
(359, [4, 3, 1, 2, 5, 6])
(360, [4, 3, 2, 1, 5, 6])
(361, [4, 3, 2, 1, 6, 5])
(362, [4, 3, 2, 6, 1, 5])
(363, [4, 3, 6, 2, 1, 5])
(364, [4, 6, 3, 2, 1, 5])
(365, [6, 4, 3, 2, 1, 5])
(366, [6, 4, 3, 2, 5, 1])
(367, [4, 6, 3, 2, 5, 1])
(368, [4, 3, 6, 2, 5, 1])
(369, [4, 3, 2, 6, 5, 1])
(370, [4, 3, 2, 5, 6, 1])
(371, [4, 3, 2, 5, 1, 6])
(372, [4, 3, 5, 2, 1, 6])
(373, [4, 3, 5, 2, 6, 1])
(374, [4, 3, 5, 6, 2, 1])
(375, [4, 3, 6, 5, 2, 1])
(376, [4, 6, 3, 5, 2, 1])
(377, [6, 4, 3, 5, 2, 1])
(378, [6, 4, 5, 3, 2, 1])
(379, [4, 6, 5, 3, 2, 1])
(380, [4, 5, 6, 3, 2, 1])
(381, [4, 5, 3, 6, 2, 1])
(382, [4, 5, 3, 2, 6, 1])
(383, [4, 5, 3, 2, 1, 6])
(384, [5, 4, 3, 2, 1, 6])
(385, [5, 4, 3, 2, 6, 1])
(386, [5, 4, 3, 6, 2, 1])
(387, [5, 4, 6, 3, 2, 1])
(388, [5, 6, 4, 3, 2, 1])
(389, [6, 5, 4, 3, 2, 1])
(390, [6, 5, 3, 4, 2, 1])
(391, [5, 6, 3, 4, 2, 1])
(392, [5, 3, 6, 4, 2, 1])
(393, [5, 3, 4, 6, 2, 1])
(394, [5, 3, 4, 2, 6, 1])
(395, [5, 3, 4, 2, 1, 6])
(396, [3, 5, 4, 2, 1, 6])
(397, [3, 5, 4, 2, 6, 1])
(398, [3, 5, 4, 6, 2, 1])
(399, [3, 5, 6, 4, 2, 1])
(400, [3, 6, 5, 4, 2, 1])
(401, [6, 3, 5, 4, 2, 1])
(402, [6, 3, 4, 5, 2, 1])
(403, [3, 6, 4, 5, 2, 1])
(404, [3, 4, 6, 5, 2, 1])
(405, [3, 4, 5, 6, 2, 1])
(406, [3, 4, 5, 2, 6, 1])
(407, [3, 4, 5, 2, 1, 6])
(408, [3, 4, 2, 5, 1, 6])
(409, [3, 4, 2, 5, 6, 1])
(410, [3, 4, 2, 6, 5, 1])
(411, [3, 4, 6, 2, 5, 1])
(412, [3, 6, 4, 2, 5, 1])
(413, [6, 3, 4, 2, 5, 1])
(414, [6, 3, 4, 2, 1, 5])
(415, [3, 6, 4, 2, 1, 5])
(416, [3, 4, 6, 2, 1, 5])
(417, [3, 4, 2, 6, 1, 5])
(418, [3, 4, 2, 1, 6, 5])
(419, [3, 4, 2, 1, 5, 6])
(420, [3, 2, 4, 1, 5, 6])
(421, [3, 2, 4, 1, 6, 5])
(422, [3, 2, 4, 6, 1, 5])
(423, [3, 2, 6, 4, 1, 5])
(424, [3, 6, 2, 4, 1, 5])
(425, [6, 3, 2, 4, 1, 5])
(426, [6, 3, 2, 4, 5, 1])
(427, [3, 6, 2, 4, 5, 1])
(428, [3, 2, 6, 4, 5, 1])
(429, [3, 2, 4, 6, 5, 1])
(430, [3, 2, 4, 5, 6, 1])
(431, [3, 2, 4, 5, 1, 6])
(432, [3, 2, 5, 4, 1, 6])
(433, [3, 2, 5, 4, 6, 1])
(434, [3, 2, 5, 6, 4, 1])
(435, [3, 2, 6, 5, 4, 1])
(436, [3, 6, 2, 5, 4, 1])
(437, [6, 3, 2, 5, 4, 1])
(438, [6, 3, 5, 2, 4, 1])
(439, [3, 6, 5, 2, 4, 1])
(440, [3, 5, 6, 2, 4, 1])
(441, [3, 5, 2, 6, 4, 1])
(442, [3, 5, 2, 4, 6, 1])
(443, [3, 5, 2, 4, 1, 6])
(444, [5, 3, 2, 4, 1, 6])
(445, [5, 3, 2, 4, 6, 1])
(446, [5, 3, 2, 6, 4, 1])
(447, [5, 3, 6, 2, 4, 1])
(448, [5, 6, 3, 2, 4, 1])
(449, [6, 5, 3, 2, 4, 1])
(450, [6, 5, 3, 2, 1, 4])
(451, [5, 6, 3, 2, 1, 4])
(452, [5, 3, 6, 2, 1, 4])
(453, [5, 3, 2, 6, 1, 4])
(454, [5, 3, 2, 1, 6, 4])
(455, [5, 3, 2, 1, 4, 6])
(456, [3, 5, 2, 1, 4, 6])
(457, [3, 5, 2, 1, 6, 4])
(458, [3, 5, 2, 6, 1, 4])
(459, [3, 5, 6, 2, 1, 4])
(460, [3, 6, 5, 2, 1, 4])
(461, [6, 3, 5, 2, 1, 4])
(462, [6, 3, 2, 5, 1, 4])
(463, [3, 6, 2, 5, 1, 4])
(464, [3, 2, 6, 5, 1, 4])
(465, [3, 2, 5, 6, 1, 4])
(466, [3, 2, 5, 1, 6, 4])
(467, [3, 2, 5, 1, 4, 6])
(468, [3, 2, 1, 5, 4, 6])
(469, [3, 2, 1, 5, 6, 4])
(470, [3, 2, 1, 6, 5, 4])
(471, [3, 2, 6, 1, 5, 4])
(472, [3, 6, 2, 1, 5, 4])
(473, [6, 3, 2, 1, 5, 4])
(474, [6, 3, 2, 1, 4, 5])
(475, [3, 6, 2, 1, 4, 5])
(476, [3, 2, 6, 1, 4, 5])
(477, [3, 2, 1, 6, 4, 5])
(478, [3, 2, 1, 4, 6, 5])
(479, [3, 2, 1, 4, 5, 6])
(480, [2, 3, 1, 4, 5, 6])
(481, [2, 3, 1, 4, 6, 5])
(482, [2, 3, 1, 6, 4, 5])
(483, [2, 3, 6, 1, 4, 5])
(484, [2, 6, 3, 1, 4, 5])
(485, [6, 2, 3, 1, 4, 5])
(486, [6, 2, 3, 1, 5, 4])
(487, [2, 6, 3, 1, 5, 4])
(488, [2, 3, 6, 1, 5, 4])
(489, [2, 3, 1, 6, 5, 4])
(490, [2, 3, 1, 5, 6, 4])
(491, [2, 3, 1, 5, 4, 6])
(492, [2, 3, 5, 1, 4, 6])
(493, [2, 3, 5, 1, 6, 4])
(494, [2, 3, 5, 6, 1, 4])
(495, [2, 3, 6, 5, 1, 4])
(496, [2, 6, 3, 5, 1, 4])
(497, [6, 2, 3, 5, 1, 4])
(498, [6, 2, 5, 3, 1, 4])
(499, [2, 6, 5, 3, 1, 4])
(500, [2, 5, 6, 3, 1, 4])
(501, [2, 5, 3, 6, 1, 4])
(502, [2, 5, 3, 1, 6, 4])
(503, [2, 5, 3, 1, 4, 6])
(504, [5, 2, 3, 1, 4, 6])
(505, [5, 2, 3, 1, 6, 4])
(506, [5, 2, 3, 6, 1, 4])
(507, [5, 2, 6, 3, 1, 4])
(508, [5, 6, 2, 3, 1, 4])
(509, [6, 5, 2, 3, 1, 4])
(510, [6, 5, 2, 3, 4, 1])
(511, [5, 6, 2, 3, 4, 1])
(512, [5, 2, 6, 3, 4, 1])
(513, [5, 2, 3, 6, 4, 1])
(514, [5, 2, 3, 4, 6, 1])
(515, [5, 2, 3, 4, 1, 6])
(516, [2, 5, 3, 4, 1, 6])
(517, [2, 5, 3, 4, 6, 1])
(518, [2, 5, 3, 6, 4, 1])
(519, [2, 5, 6, 3, 4, 1])
(520, [2, 6, 5, 3, 4, 1])
(521, [6, 2, 5, 3, 4, 1])
(522, [6, 2, 3, 5, 4, 1])
(523, [2, 6, 3, 5, 4, 1])
(524, [2, 3, 6, 5, 4, 1])
(525, [2, 3, 5, 6, 4, 1])
(526, [2, 3, 5, 4, 6, 1])
(527, [2, 3, 5, 4, 1, 6])
(528, [2, 3, 4, 5, 1, 6])
(529, [2, 3, 4, 5, 6, 1])
(530, [2, 3, 4, 6, 5, 1])
(531, [2, 3, 6, 4, 5, 1])
(532, [2, 6, 3, 4, 5, 1])
(533, [6, 2, 3, 4, 5, 1])
(534, [6, 2, 3, 4, 1, 5])
(535, [2, 6, 3, 4, 1, 5])
(536, [2, 3, 6, 4, 1, 5])
(537, [2, 3, 4, 6, 1, 5])
(538, [2, 3, 4, 1, 6, 5])
(539, [2, 3, 4, 1, 5, 6])
(540, [2, 4, 3, 1, 5, 6])
(541, [2, 4, 3, 1, 6, 5])
(542, [2, 4, 3, 6, 1, 5])
(543, [2, 4, 6, 3, 1, 5])
(544, [2, 6, 4, 3, 1, 5])
(545, [6, 2, 4, 3, 1, 5])
(546, [6, 2, 4, 3, 5, 1])
(547, [2, 6, 4, 3, 5, 1])
(548, [2, 4, 6, 3, 5, 1])
(549, [2, 4, 3, 6, 5, 1])
(550, [2, 4, 3, 5, 6, 1])
(551, [2, 4, 3, 5, 1, 6])
(552, [2, 4, 5, 3, 1, 6])
(553, [2, 4, 5, 3, 6, 1])
(554, [2, 4, 5, 6, 3, 1])
(555, [2, 4, 6, 5, 3, 1])
(556, [2, 6, 4, 5, 3, 1])
(557, [6, 2, 4, 5, 3, 1])
(558, [6, 2, 5, 4, 3, 1])
(559, [2, 6, 5, 4, 3, 1])
(560, [2, 5, 6, 4, 3, 1])
(561, [2, 5, 4, 6, 3, 1])
(562, [2, 5, 4, 3, 6, 1])
(563, [2, 5, 4, 3, 1, 6])
(564, [5, 2, 4, 3, 1, 6])
(565, [5, 2, 4, 3, 6, 1])
(566, [5, 2, 4, 6, 3, 1])
(567, [5, 2, 6, 4, 3, 1])
(568, [5, 6, 2, 4, 3, 1])
(569, [6, 5, 2, 4, 3, 1])
(570, [6, 5, 4, 2, 3, 1])
(571, [5, 6, 4, 2, 3, 1])
(572, [5, 4, 6, 2, 3, 1])
(573, [5, 4, 2, 6, 3, 1])
(574, [5, 4, 2, 3, 6, 1])
(575, [5, 4, 2, 3, 1, 6])
(576, [4, 5, 2, 3, 1, 6])
(577, [4, 5, 2, 3, 6, 1])
(578, [4, 5, 2, 6, 3, 1])
(579, [4, 5, 6, 2, 3, 1])
(580, [4, 6, 5, 2, 3, 1])
(581, [6, 4, 5, 2, 3, 1])
(582, [6, 4, 2, 5, 3, 1])
(583, [4, 6, 2, 5, 3, 1])
(584, [4, 2, 6, 5, 3, 1])
(585, [4, 2, 5, 6, 3, 1])
(586, [4, 2, 5, 3, 6, 1])
(587, [4, 2, 5, 3, 1, 6])
(588, [4, 2, 3, 5, 1, 6])
(589, [4, 2, 3, 5, 6, 1])
(590, [4, 2, 3, 6, 5, 1])
(591, [4, 2, 6, 3, 5, 1])
(592, [4, 6, 2, 3, 5, 1])
(593, [6, 4, 2, 3, 5, 1])
(594, [6, 4, 2, 3, 1, 5])
(595, [4, 6, 2, 3, 1, 5])
(596, [4, 2, 6, 3, 1, 5])
(597, [4, 2, 3, 6, 1, 5])
(598, [4, 2, 3, 1, 6, 5])
(599, [4, 2, 3, 1, 5, 6])
(600, [4, 2, 1, 3, 5, 6])
(601, [4, 2, 1, 3, 6, 5])
(602, [4, 2, 1, 6, 3, 5])
(603, [4, 2, 6, 1, 3, 5])
(604, [4, 6, 2, 1, 3, 5])
(605, [6, 4, 2, 1, 3, 5])
(606, [6, 4, 2, 1, 5, 3])
(607, [4, 6, 2, 1, 5, 3])
(608, [4, 2, 6, 1, 5, 3])
(609, [4, 2, 1, 6, 5, 3])
(610, [4, 2, 1, 5, 6, 3])
(611, [4, 2, 1, 5, 3, 6])
(612, [4, 2, 5, 1, 3, 6])
(613, [4, 2, 5, 1, 6, 3])
(614, [4, 2, 5, 6, 1, 3])
(615, [4, 2, 6, 5, 1, 3])
(616, [4, 6, 2, 5, 1, 3])
(617, [6, 4, 2, 5, 1, 3])
(618, [6, 4, 5, 2, 1, 3])
(619, [4, 6, 5, 2, 1, 3])
(620, [4, 5, 6, 2, 1, 3])
(621, [4, 5, 2, 6, 1, 3])
(622, [4, 5, 2, 1, 6, 3])
(623, [4, 5, 2, 1, 3, 6])
(624, [5, 4, 2, 1, 3, 6])
(625, [5, 4, 2, 1, 6, 3])
(626, [5, 4, 2, 6, 1, 3])
(627, [5, 4, 6, 2, 1, 3])
(628, [5, 6, 4, 2, 1, 3])
(629, [6, 5, 4, 2, 1, 3])
(630, [6, 5, 2, 4, 1, 3])
(631, [5, 6, 2, 4, 1, 3])
(632, [5, 2, 6, 4, 1, 3])
(633, [5, 2, 4, 6, 1, 3])
(634, [5, 2, 4, 1, 6, 3])
(635, [5, 2, 4, 1, 3, 6])
(636, [2, 5, 4, 1, 3, 6])
(637, [2, 5, 4, 1, 6, 3])
(638, [2, 5, 4, 6, 1, 3])
(639, [2, 5, 6, 4, 1, 3])
(640, [2, 6, 5, 4, 1, 3])
(641, [6, 2, 5, 4, 1, 3])
(642, [6, 2, 4, 5, 1, 3])
(643, [2, 6, 4, 5, 1, 3])
(644, [2, 4, 6, 5, 1, 3])
(645, [2, 4, 5, 6, 1, 3])
(646, [2, 4, 5, 1, 6, 3])
(647, [2, 4, 5, 1, 3, 6])
(648, [2, 4, 1, 5, 3, 6])
(649, [2, 4, 1, 5, 6, 3])
(650, [2, 4, 1, 6, 5, 3])
(651, [2, 4, 6, 1, 5, 3])
(652, [2, 6, 4, 1, 5, 3])
(653, [6, 2, 4, 1, 5, 3])
(654, [6, 2, 4, 1, 3, 5])
(655, [2, 6, 4, 1, 3, 5])
(656, [2, 4, 6, 1, 3, 5])
(657, [2, 4, 1, 6, 3, 5])
(658, [2, 4, 1, 3, 6, 5])
(659, [2, 4, 1, 3, 5, 6])
(660, [2, 1, 4, 3, 5, 6])
(661, [2, 1, 4, 3, 6, 5])
(662, [2, 1, 4, 6, 3, 5])
(663, [2, 1, 6, 4, 3, 5])
(664, [2, 6, 1, 4, 3, 5])
(665, [6, 2, 1, 4, 3, 5])
(666, [6, 2, 1, 4, 5, 3])
(667, [2, 6, 1, 4, 5, 3])
(668, [2, 1, 6, 4, 5, 3])
(669, [2, 1, 4, 6, 5, 3])
(670, [2, 1, 4, 5, 6, 3])
(671, [2, 1, 4, 5, 3, 6])
(672, [2, 1, 5, 4, 3, 6])
(673, [2, 1, 5, 4, 6, 3])
(674, [2, 1, 5, 6, 4, 3])
(675, [2, 1, 6, 5, 4, 3])
(676, [2, 6, 1, 5, 4, 3])
(677, [6, 2, 1, 5, 4, 3])
(678, [6, 2, 5, 1, 4, 3])
(679, [2, 6, 5, 1, 4, 3])
(680, [2, 5, 6, 1, 4, 3])
(681, [2, 5, 1, 6, 4, 3])
(682, [2, 5, 1, 4, 6, 3])
(683, [2, 5, 1, 4, 3, 6])
(684, [5, 2, 1, 4, 3, 6])
(685, [5, 2, 1, 4, 6, 3])
(686, [5, 2, 1, 6, 4, 3])
(687, [5, 2, 6, 1, 4, 3])
(688, [5, 6, 2, 1, 4, 3])
(689, [6, 5, 2, 1, 4, 3])
(690, [6, 5, 2, 1, 3, 4])
(691, [5, 6, 2, 1, 3, 4])
(692, [5, 2, 6, 1, 3, 4])
(693, [5, 2, 1, 6, 3, 4])
(694, [5, 2, 1, 3, 6, 4])
(695, [5, 2, 1, 3, 4, 6])
(696, [2, 5, 1, 3, 4, 6])
(697, [2, 5, 1, 3, 6, 4])
(698, [2, 5, 1, 6, 3, 4])
(699, [2, 5, 6, 1, 3, 4])
(700, [2, 6, 5, 1, 3, 4])
(701, [6, 2, 5, 1, 3, 4])
(702, [6, 2, 1, 5, 3, 4])
(703, [2, 6, 1, 5, 3, 4])
(704, [2, 1, 6, 5, 3, 4])
(705, [2, 1, 5, 6, 3, 4])
(706, [2, 1, 5, 3, 6, 4])
(707, [2, 1, 5, 3, 4, 6])
(708, [2, 1, 3, 5, 4, 6])
(709, [2, 1, 3, 5, 6, 4])
(710, [2, 1, 3, 6, 5, 4])
(711, [2, 1, 6, 3, 5, 4])
(712, [2, 6, 1, 3, 5, 4])
(713, [6, 2, 1, 3, 5, 4])
(714, [6, 2, 1, 3, 4, 5])
(715, [2, 6, 1, 3, 4, 5])
(716, [2, 1, 6, 3, 4, 5])
(717, [2, 1, 3, 6, 4, 5])
(718, [2, 1, 3, 4, 6, 5])
(719, [2, 1, 3, 4, 5, 6])

(0, [6, 5, 4, 3, 2, 1])
(1, [6, 5, 4, 3, 1, 2])
(2, [6, 5, 4, 1, 3, 2])
(3, [6, 5, 1, 4, 3, 2])
(4, [6, 1, 5, 4, 3, 2])
(5, [1, 6, 5, 4, 3, 2])
(6, [1, 6, 5, 4, 2, 3])
(7, [6, 1, 5, 4, 2, 3])
(8, [6, 5, 1, 4, 2, 3])
(9, [6, 5, 4, 1, 2, 3])
(10, [6, 5, 4, 2, 1, 3])
(11, [6, 5, 4, 2, 3, 1])
(12, [6, 5, 2, 4, 3, 1])
(13, [6, 5, 2, 4, 1, 3])
(14, [6, 5, 2, 1, 4, 3])
(15, [6, 5, 1, 2, 4, 3])
(16, [6, 1, 5, 2, 4, 3])
(17, [1, 6, 5, 2, 4, 3])
(18, [1, 6, 2, 5, 4, 3])
(19, [6, 1, 2, 5, 4, 3])
(20, [6, 2, 1, 5, 4, 3])
(21, [6, 2, 5, 1, 4, 3])
(22, [6, 2, 5, 4, 1, 3])
(23, [6, 2, 5, 4, 3, 1])
(24, [2, 6, 5, 4, 3, 1])
(25, [2, 6, 5, 4, 1, 3])
(26, [2, 6, 5, 1, 4, 3])
(27, [2, 6, 1, 5, 4, 3])
(28, [2, 1, 6, 5, 4, 3])
(29, [1, 2, 6, 5, 4, 3])
(30, [1, 2, 6, 5, 3, 4])
(31, [2, 1, 6, 5, 3, 4])
(32, [2, 6, 1, 5, 3, 4])
(33, [2, 6, 5, 1, 3, 4])
(34, [2, 6, 5, 3, 1, 4])
(35, [2, 6, 5, 3, 4, 1])
(36, [6, 2, 5, 3, 4, 1])
(37, [6, 2, 5, 3, 1, 4])
(38, [6, 2, 5, 1, 3, 4])
(39, [6, 2, 1, 5, 3, 4])
(40, [6, 1, 2, 5, 3, 4])
(41, [1, 6, 2, 5, 3, 4])
(42, [1, 6, 5, 2, 3, 4])
(43, [6, 1, 5, 2, 3, 4])
(44, [6, 5, 1, 2, 3, 4])
(45, [6, 5, 2, 1, 3, 4])
(46, [6, 5, 2, 3, 1, 4])
(47, [6, 5, 2, 3, 4, 1])
(48, [6, 5, 3, 2, 4, 1])
(49, [6, 5, 3, 2, 1, 4])
(50, [6, 5, 3, 1, 2, 4])
(51, [6, 5, 1, 3, 2, 4])
(52, [6, 1, 5, 3, 2, 4])
(53, [1, 6, 5, 3, 2, 4])
(54, [1, 6, 5, 3, 4, 2])
(55, [6, 1, 5, 3, 4, 2])
(56, [6, 5, 1, 3, 4, 2])
(57, [6, 5, 3, 1, 4, 2])
(58, [6, 5, 3, 4, 1, 2])
(59, [6, 5, 3, 4, 2, 1])
(60, [6, 3, 5, 4, 2, 1])
(61, [6, 3, 5, 4, 1, 2])
(62, [6, 3, 5, 1, 4, 2])
(63, [6, 3, 1, 5, 4, 2])
(64, [6, 1, 3, 5, 4, 2])
(65, [1, 6, 3, 5, 4, 2])
(66, [1, 6, 3, 5, 2, 4])
(67, [6, 1, 3, 5, 2, 4])
(68, [6, 3, 1, 5, 2, 4])
(69, [6, 3, 5, 1, 2, 4])
(70, [6, 3, 5, 2, 1, 4])
(71, [6, 3, 5, 2, 4, 1])
(72, [6, 3, 2, 5, 4, 1])
(73, [6, 3, 2, 5, 1, 4])
(74, [6, 3, 2, 1, 5, 4])
(75, [6, 3, 1, 2, 5, 4])
(76, [6, 1, 3, 2, 5, 4])
(77, [1, 6, 3, 2, 5, 4])
(78, [1, 6, 2, 3, 5, 4])
(79, [6, 1, 2, 3, 5, 4])
(80, [6, 2, 1, 3, 5, 4])
(81, [6, 2, 3, 1, 5, 4])
(82, [6, 2, 3, 5, 1, 4])
(83, [6, 2, 3, 5, 4, 1])
(84, [2, 6, 3, 5, 4, 1])
(85, [2, 6, 3, 5, 1, 4])
(86, [2, 6, 3, 1, 5, 4])
(87, [2, 6, 1, 3, 5, 4])
(88, [2, 1, 6, 3, 5, 4])
(89, [1, 2, 6, 3, 5, 4])
(90, [1, 2, 3, 6, 5, 4])
(91, [2, 1, 3, 6, 5, 4])
(92, [2, 3, 1, 6, 5, 4])
(93, [2, 3, 6, 1, 5, 4])
(94, [2, 3, 6, 5, 1, 4])
(95, [2, 3, 6, 5, 4, 1])
(96, [3, 2, 6, 5, 4, 1])
(97, [3, 2, 6, 5, 1, 4])
(98, [3, 2, 6, 1, 5, 4])
(99, [3, 2, 1, 6, 5, 4])
(100, [3, 1, 2, 6, 5, 4])
(101, [1, 3, 2, 6, 5, 4])
(102, [1, 3, 6, 2, 5, 4])
(103, [3, 1, 6, 2, 5, 4])
(104, [3, 6, 1, 2, 5, 4])
(105, [3, 6, 2, 1, 5, 4])
(106, [3, 6, 2, 5, 1, 4])
(107, [3, 6, 2, 5, 4, 1])
(108, [3, 6, 5, 2, 4, 1])
(109, [3, 6, 5, 2, 1, 4])
(110, [3, 6, 5, 1, 2, 4])
(111, [3, 6, 1, 5, 2, 4])
(112, [3, 1, 6, 5, 2, 4])
(113, [1, 3, 6, 5, 2, 4])
(114, [1, 3, 6, 5, 4, 2])
(115, [3, 1, 6, 5, 4, 2])
(116, [3, 6, 1, 5, 4, 2])
(117, [3, 6, 5, 1, 4, 2])
(118, [3, 6, 5, 4, 1, 2])
(119, [3, 6, 5, 4, 2, 1])
(120, [3, 6, 4, 5, 2, 1])
(121, [3, 6, 4, 5, 1, 2])
(122, [3, 6, 4, 1, 5, 2])
(123, [3, 6, 1, 4, 5, 2])
(124, [3, 1, 6, 4, 5, 2])
(125, [1, 3, 6, 4, 5, 2])
(126, [1, 3, 6, 4, 2, 5])
(127, [3, 1, 6, 4, 2, 5])
(128, [3, 6, 1, 4, 2, 5])
(129, [3, 6, 4, 1, 2, 5])
(130, [3, 6, 4, 2, 1, 5])
(131, [3, 6, 4, 2, 5, 1])
(132, [3, 6, 2, 4, 5, 1])
(133, [3, 6, 2, 4, 1, 5])
(134, [3, 6, 2, 1, 4, 5])
(135, [3, 6, 1, 2, 4, 5])
(136, [3, 1, 6, 2, 4, 5])
(137, [1, 3, 6, 2, 4, 5])
(138, [1, 3, 2, 6, 4, 5])
(139, [3, 1, 2, 6, 4, 5])
(140, [3, 2, 1, 6, 4, 5])
(141, [3, 2, 6, 1, 4, 5])
(142, [3, 2, 6, 4, 1, 5])
(143, [3, 2, 6, 4, 5, 1])
(144, [2, 3, 6, 4, 5, 1])
(145, [2, 3, 6, 4, 1, 5])
(146, [2, 3, 6, 1, 4, 5])
(147, [2, 3, 1, 6, 4, 5])
(148, [2, 1, 3, 6, 4, 5])
(149, [1, 2, 3, 6, 4, 5])
(150, [1, 2, 6, 3, 4, 5])
(151, [2, 1, 6, 3, 4, 5])
(152, [2, 6, 1, 3, 4, 5])
(153, [2, 6, 3, 1, 4, 5])
(154, [2, 6, 3, 4, 1, 5])
(155, [2, 6, 3, 4, 5, 1])
(156, [6, 2, 3, 4, 5, 1])
(157, [6, 2, 3, 4, 1, 5])
(158, [6, 2, 3, 1, 4, 5])
(159, [6, 2, 1, 3, 4, 5])
(160, [6, 1, 2, 3, 4, 5])
(161, [1, 6, 2, 3, 4, 5])
(162, [1, 6, 3, 2, 4, 5])
(163, [6, 1, 3, 2, 4, 5])
(164, [6, 3, 1, 2, 4, 5])
(165, [6, 3, 2, 1, 4, 5])
(166, [6, 3, 2, 4, 1, 5])
(167, [6, 3, 2, 4, 5, 1])
(168, [6, 3, 4, 2, 5, 1])
(169, [6, 3, 4, 2, 1, 5])
(170, [6, 3, 4, 1, 2, 5])
(171, [6, 3, 1, 4, 2, 5])
(172, [6, 1, 3, 4, 2, 5])
(173, [1, 6, 3, 4, 2, 5])
(174, [1, 6, 3, 4, 5, 2])
(175, [6, 1, 3, 4, 5, 2])
(176, [6, 3, 1, 4, 5, 2])
(177, [6, 3, 4, 1, 5, 2])
(178, [6, 3, 4, 5, 1, 2])
(179, [6, 3, 4, 5, 2, 1])
(180, [6, 4, 3, 5, 2, 1])
(181, [6, 4, 3, 5, 1, 2])
(182, [6, 4, 3, 1, 5, 2])
(183, [6, 4, 1, 3, 5, 2])
(184, [6, 1, 4, 3, 5, 2])
(185, [1, 6, 4, 3, 5, 2])
(186, [1, 6, 4, 3, 2, 5])
(187, [6, 1, 4, 3, 2, 5])
(188, [6, 4, 1, 3, 2, 5])
(189, [6, 4, 3, 1, 2, 5])
(190, [6, 4, 3, 2, 1, 5])
(191, [6, 4, 3, 2, 5, 1])
(192, [6, 4, 2, 3, 5, 1])
(193, [6, 4, 2, 3, 1, 5])
(194, [6, 4, 2, 1, 3, 5])
(195, [6, 4, 1, 2, 3, 5])
(196, [6, 1, 4, 2, 3, 5])
(197, [1, 6, 4, 2, 3, 5])
(198, [1, 6, 2, 4, 3, 5])
(199, [6, 1, 2, 4, 3, 5])
(200, [6, 2, 1, 4, 3, 5])
(201, [6, 2, 4, 1, 3, 5])
(202, [6, 2, 4, 3, 1, 5])
(203, [6, 2, 4, 3, 5, 1])
(204, [2, 6, 4, 3, 5, 1])
(205, [2, 6, 4, 3, 1, 5])
(206, [2, 6, 4, 1, 3, 5])
(207, [2, 6, 1, 4, 3, 5])
(208, [2, 1, 6, 4, 3, 5])
(209, [1, 2, 6, 4, 3, 5])
(210, [1, 2, 6, 4, 5, 3])
(211, [2, 1, 6, 4, 5, 3])
(212, [2, 6, 1, 4, 5, 3])
(213, [2, 6, 4, 1, 5, 3])
(214, [2, 6, 4, 5, 1, 3])
(215, [2, 6, 4, 5, 3, 1])
(216, [6, 2, 4, 5, 3, 1])
(217, [6, 2, 4, 5, 1, 3])
(218, [6, 2, 4, 1, 5, 3])
(219, [6, 2, 1, 4, 5, 3])
(220, [6, 1, 2, 4, 5, 3])
(221, [1, 6, 2, 4, 5, 3])
(222, [1, 6, 4, 2, 5, 3])
(223, [6, 1, 4, 2, 5, 3])
(224, [6, 4, 1, 2, 5, 3])
(225, [6, 4, 2, 1, 5, 3])
(226, [6, 4, 2, 5, 1, 3])
(227, [6, 4, 2, 5, 3, 1])
(228, [6, 4, 5, 2, 3, 1])
(229, [6, 4, 5, 2, 1, 3])
(230, [6, 4, 5, 1, 2, 3])
(231, [6, 4, 1, 5, 2, 3])
(232, [6, 1, 4, 5, 2, 3])
(233, [1, 6, 4, 5, 2, 3])
(234, [1, 6, 4, 5, 3, 2])
(235, [6, 1, 4, 5, 3, 2])
(236, [6, 4, 1, 5, 3, 2])
(237, [6, 4, 5, 1, 3, 2])
(238, [6, 4, 5, 3, 1, 2])
(239, [6, 4, 5, 3, 2, 1])
(240, [4, 6, 5, 3, 2, 1])
(241, [4, 6, 5, 3, 1, 2])
(242, [4, 6, 5, 1, 3, 2])
(243, [4, 6, 1, 5, 3, 2])
(244, [4, 1, 6, 5, 3, 2])
(245, [1, 4, 6, 5, 3, 2])
(246, [1, 4, 6, 5, 2, 3])
(247, [4, 1, 6, 5, 2, 3])
(248, [4, 6, 1, 5, 2, 3])
(249, [4, 6, 5, 1, 2, 3])
(250, [4, 6, 5, 2, 1, 3])
(251, [4, 6, 5, 2, 3, 1])
(252, [4, 6, 2, 5, 3, 1])
(253, [4, 6, 2, 5, 1, 3])
(254, [4, 6, 2, 1, 5, 3])
(255, [4, 6, 1, 2, 5, 3])
(256, [4, 1, 6, 2, 5, 3])
(257, [1, 4, 6, 2, 5, 3])
(258, [1, 4, 2, 6, 5, 3])
(259, [4, 1, 2, 6, 5, 3])
(260, [4, 2, 1, 6, 5, 3])
(261, [4, 2, 6, 1, 5, 3])
(262, [4, 2, 6, 5, 1, 3])
(263, [4, 2, 6, 5, 3, 1])
(264, [2, 4, 6, 5, 3, 1])
(265, [2, 4, 6, 5, 1, 3])
(266, [2, 4, 6, 1, 5, 3])
(267, [2, 4, 1, 6, 5, 3])
(268, [2, 1, 4, 6, 5, 3])
(269, [1, 2, 4, 6, 5, 3])
(270, [1, 2, 4, 6, 3, 5])
(271, [2, 1, 4, 6, 3, 5])
(272, [2, 4, 1, 6, 3, 5])
(273, [2, 4, 6, 1, 3, 5])
(274, [2, 4, 6, 3, 1, 5])
(275, [2, 4, 6, 3, 5, 1])
(276, [4, 2, 6, 3, 5, 1])
(277, [4, 2, 6, 3, 1, 5])
(278, [4, 2, 6, 1, 3, 5])
(279, [4, 2, 1, 6, 3, 5])
(280, [4, 1, 2, 6, 3, 5])
(281, [1, 4, 2, 6, 3, 5])
(282, [1, 4, 6, 2, 3, 5])
(283, [4, 1, 6, 2, 3, 5])
(284, [4, 6, 1, 2, 3, 5])
(285, [4, 6, 2, 1, 3, 5])
(286, [4, 6, 2, 3, 1, 5])
(287, [4, 6, 2, 3, 5, 1])
(288, [4, 6, 3, 2, 5, 1])
(289, [4, 6, 3, 2, 1, 5])
(290, [4, 6, 3, 1, 2, 5])
(291, [4, 6, 1, 3, 2, 5])
(292, [4, 1, 6, 3, 2, 5])
(293, [1, 4, 6, 3, 2, 5])
(294, [1, 4, 6, 3, 5, 2])
(295, [4, 1, 6, 3, 5, 2])
(296, [4, 6, 1, 3, 5, 2])
(297, [4, 6, 3, 1, 5, 2])
(298, [4, 6, 3, 5, 1, 2])
(299, [4, 6, 3, 5, 2, 1])
(300, [4, 3, 6, 5, 2, 1])
(301, [4, 3, 6, 5, 1, 2])
(302, [4, 3, 6, 1, 5, 2])
(303, [4, 3, 1, 6, 5, 2])
(304, [4, 1, 3, 6, 5, 2])
(305, [1, 4, 3, 6, 5, 2])
(306, [1, 4, 3, 6, 2, 5])
(307, [4, 1, 3, 6, 2, 5])
(308, [4, 3, 1, 6, 2, 5])
(309, [4, 3, 6, 1, 2, 5])
(310, [4, 3, 6, 2, 1, 5])
(311, [4, 3, 6, 2, 5, 1])
(312, [4, 3, 2, 6, 5, 1])
(313, [4, 3, 2, 6, 1, 5])
(314, [4, 3, 2, 1, 6, 5])
(315, [4, 3, 1, 2, 6, 5])
(316, [4, 1, 3, 2, 6, 5])
(317, [1, 4, 3, 2, 6, 5])
(318, [1, 4, 2, 3, 6, 5])
(319, [4, 1, 2, 3, 6, 5])
(320, [4, 2, 1, 3, 6, 5])
(321, [4, 2, 3, 1, 6, 5])
(322, [4, 2, 3, 6, 1, 5])
(323, [4, 2, 3, 6, 5, 1])
(324, [2, 4, 3, 6, 5, 1])
(325, [2, 4, 3, 6, 1, 5])
(326, [2, 4, 3, 1, 6, 5])
(327, [2, 4, 1, 3, 6, 5])
(328, [2, 1, 4, 3, 6, 5])
(329, [1, 2, 4, 3, 6, 5])
(330, [1, 2, 3, 4, 6, 5])
(331, [2, 1, 3, 4, 6, 5])
(332, [2, 3, 1, 4, 6, 5])
(333, [2, 3, 4, 1, 6, 5])
(334, [2, 3, 4, 6, 1, 5])
(335, [2, 3, 4, 6, 5, 1])
(336, [3, 2, 4, 6, 5, 1])
(337, [3, 2, 4, 6, 1, 5])
(338, [3, 2, 4, 1, 6, 5])
(339, [3, 2, 1, 4, 6, 5])
(340, [3, 1, 2, 4, 6, 5])
(341, [1, 3, 2, 4, 6, 5])
(342, [1, 3, 4, 2, 6, 5])
(343, [3, 1, 4, 2, 6, 5])
(344, [3, 4, 1, 2, 6, 5])
(345, [3, 4, 2, 1, 6, 5])
(346, [3, 4, 2, 6, 1, 5])
(347, [3, 4, 2, 6, 5, 1])
(348, [3, 4, 6, 2, 5, 1])
(349, [3, 4, 6, 2, 1, 5])
(350, [3, 4, 6, 1, 2, 5])
(351, [3, 4, 1, 6, 2, 5])
(352, [3, 1, 4, 6, 2, 5])
(353, [1, 3, 4, 6, 2, 5])
(354, [1, 3, 4, 6, 5, 2])
(355, [3, 1, 4, 6, 5, 2])
(356, [3, 4, 1, 6, 5, 2])
(357, [3, 4, 6, 1, 5, 2])
(358, [3, 4, 6, 5, 1, 2])
(359, [3, 4, 6, 5, 2, 1])
(360, [3, 4, 5, 6, 2, 1])
(361, [3, 4, 5, 6, 1, 2])
(362, [3, 4, 5, 1, 6, 2])
(363, [3, 4, 1, 5, 6, 2])
(364, [3, 1, 4, 5, 6, 2])
(365, [1, 3, 4, 5, 6, 2])
(366, [1, 3, 4, 5, 2, 6])
(367, [3, 1, 4, 5, 2, 6])
(368, [3, 4, 1, 5, 2, 6])
(369, [3, 4, 5, 1, 2, 6])
(370, [3, 4, 5, 2, 1, 6])
(371, [3, 4, 5, 2, 6, 1])
(372, [3, 4, 2, 5, 6, 1])
(373, [3, 4, 2, 5, 1, 6])
(374, [3, 4, 2, 1, 5, 6])
(375, [3, 4, 1, 2, 5, 6])
(376, [3, 1, 4, 2, 5, 6])
(377, [1, 3, 4, 2, 5, 6])
(378, [1, 3, 2, 4, 5, 6])
(379, [3, 1, 2, 4, 5, 6])
(380, [3, 2, 1, 4, 5, 6])
(381, [3, 2, 4, 1, 5, 6])
(382, [3, 2, 4, 5, 1, 6])
(383, [3, 2, 4, 5, 6, 1])
(384, [2, 3, 4, 5, 6, 1])
(385, [2, 3, 4, 5, 1, 6])
(386, [2, 3, 4, 1, 5, 6])
(387, [2, 3, 1, 4, 5, 6])
(388, [2, 1, 3, 4, 5, 6])
(389, [1, 2, 3, 4, 5, 6])
(390, [1, 2, 4, 3, 5, 6])
(391, [2, 1, 4, 3, 5, 6])
(392, [2, 4, 1, 3, 5, 6])
(393, [2, 4, 3, 1, 5, 6])
(394, [2, 4, 3, 5, 1, 6])
(395, [2, 4, 3, 5, 6, 1])
(396, [4, 2, 3, 5, 6, 1])
(397, [4, 2, 3, 5, 1, 6])
(398, [4, 2, 3, 1, 5, 6])
(399, [4, 2, 1, 3, 5, 6])
(400, [4, 1, 2, 3, 5, 6])
(401, [1, 4, 2, 3, 5, 6])
(402, [1, 4, 3, 2, 5, 6])
(403, [4, 1, 3, 2, 5, 6])
(404, [4, 3, 1, 2, 5, 6])
(405, [4, 3, 2, 1, 5, 6])
(406, [4, 3, 2, 5, 1, 6])
(407, [4, 3, 2, 5, 6, 1])
(408, [4, 3, 5, 2, 6, 1])
(409, [4, 3, 5, 2, 1, 6])
(410, [4, 3, 5, 1, 2, 6])
(411, [4, 3, 1, 5, 2, 6])
(412, [4, 1, 3, 5, 2, 6])
(413, [1, 4, 3, 5, 2, 6])
(414, [1, 4, 3, 5, 6, 2])
(415, [4, 1, 3, 5, 6, 2])
(416, [4, 3, 1, 5, 6, 2])
(417, [4, 3, 5, 1, 6, 2])
(418, [4, 3, 5, 6, 1, 2])
(419, [4, 3, 5, 6, 2, 1])
(420, [4, 5, 3, 6, 2, 1])
(421, [4, 5, 3, 6, 1, 2])
(422, [4, 5, 3, 1, 6, 2])
(423, [4, 5, 1, 3, 6, 2])
(424, [4, 1, 5, 3, 6, 2])
(425, [1, 4, 5, 3, 6, 2])
(426, [1, 4, 5, 3, 2, 6])
(427, [4, 1, 5, 3, 2, 6])
(428, [4, 5, 1, 3, 2, 6])
(429, [4, 5, 3, 1, 2, 6])
(430, [4, 5, 3, 2, 1, 6])
(431, [4, 5, 3, 2, 6, 1])
(432, [4, 5, 2, 3, 6, 1])
(433, [4, 5, 2, 3, 1, 6])
(434, [4, 5, 2, 1, 3, 6])
(435, [4, 5, 1, 2, 3, 6])
(436, [4, 1, 5, 2, 3, 6])
(437, [1, 4, 5, 2, 3, 6])
(438, [1, 4, 2, 5, 3, 6])
(439, [4, 1, 2, 5, 3, 6])
(440, [4, 2, 1, 5, 3, 6])
(441, [4, 2, 5, 1, 3, 6])
(442, [4, 2, 5, 3, 1, 6])
(443, [4, 2, 5, 3, 6, 1])
(444, [2, 4, 5, 3, 6, 1])
(445, [2, 4, 5, 3, 1, 6])
(446, [2, 4, 5, 1, 3, 6])
(447, [2, 4, 1, 5, 3, 6])
(448, [2, 1, 4, 5, 3, 6])
(449, [1, 2, 4, 5, 3, 6])
(450, [1, 2, 4, 5, 6, 3])
(451, [2, 1, 4, 5, 6, 3])
(452, [2, 4, 1, 5, 6, 3])
(453, [2, 4, 5, 1, 6, 3])
(454, [2, 4, 5, 6, 1, 3])
(455, [2, 4, 5, 6, 3, 1])
(456, [4, 2, 5, 6, 3, 1])
(457, [4, 2, 5, 6, 1, 3])
(458, [4, 2, 5, 1, 6, 3])
(459, [4, 2, 1, 5, 6, 3])
(460, [4, 1, 2, 5, 6, 3])
(461, [1, 4, 2, 5, 6, 3])
(462, [1, 4, 5, 2, 6, 3])
(463, [4, 1, 5, 2, 6, 3])
(464, [4, 5, 1, 2, 6, 3])
(465, [4, 5, 2, 1, 6, 3])
(466, [4, 5, 2, 6, 1, 3])
(467, [4, 5, 2, 6, 3, 1])
(468, [4, 5, 6, 2, 3, 1])
(469, [4, 5, 6, 2, 1, 3])
(470, [4, 5, 6, 1, 2, 3])
(471, [4, 5, 1, 6, 2, 3])
(472, [4, 1, 5, 6, 2, 3])
(473, [1, 4, 5, 6, 2, 3])
(474, [1, 4, 5, 6, 3, 2])
(475, [4, 1, 5, 6, 3, 2])
(476, [4, 5, 1, 6, 3, 2])
(477, [4, 5, 6, 1, 3, 2])
(478, [4, 5, 6, 3, 1, 2])
(479, [4, 5, 6, 3, 2, 1])
(480, [5, 4, 6, 3, 2, 1])
(481, [5, 4, 6, 3, 1, 2])
(482, [5, 4, 6, 1, 3, 2])
(483, [5, 4, 1, 6, 3, 2])
(484, [5, 1, 4, 6, 3, 2])
(485, [1, 5, 4, 6, 3, 2])
(486, [1, 5, 4, 6, 2, 3])
(487, [5, 1, 4, 6, 2, 3])
(488, [5, 4, 1, 6, 2, 3])
(489, [5, 4, 6, 1, 2, 3])
(490, [5, 4, 6, 2, 1, 3])
(491, [5, 4, 6, 2, 3, 1])
(492, [5, 4, 2, 6, 3, 1])
(493, [5, 4, 2, 6, 1, 3])
(494, [5, 4, 2, 1, 6, 3])
(495, [5, 4, 1, 2, 6, 3])
(496, [5, 1, 4, 2, 6, 3])
(497, [1, 5, 4, 2, 6, 3])
(498, [1, 5, 2, 4, 6, 3])
(499, [5, 1, 2, 4, 6, 3])
(500, [5, 2, 1, 4, 6, 3])
(501, [5, 2, 4, 1, 6, 3])
(502, [5, 2, 4, 6, 1, 3])
(503, [5, 2, 4, 6, 3, 1])
(504, [2, 5, 4, 6, 3, 1])
(505, [2, 5, 4, 6, 1, 3])
(506, [2, 5, 4, 1, 6, 3])
(507, [2, 5, 1, 4, 6, 3])
(508, [2, 1, 5, 4, 6, 3])
(509, [1, 2, 5, 4, 6, 3])
(510, [1, 2, 5, 4, 3, 6])
(511, [2, 1, 5, 4, 3, 6])
(512, [2, 5, 1, 4, 3, 6])
(513, [2, 5, 4, 1, 3, 6])
(514, [2, 5, 4, 3, 1, 6])
(515, [2, 5, 4, 3, 6, 1])
(516, [5, 2, 4, 3, 6, 1])
(517, [5, 2, 4, 3, 1, 6])
(518, [5, 2, 4, 1, 3, 6])
(519, [5, 2, 1, 4, 3, 6])
(520, [5, 1, 2, 4, 3, 6])
(521, [1, 5, 2, 4, 3, 6])
(522, [1, 5, 4, 2, 3, 6])
(523, [5, 1, 4, 2, 3, 6])
(524, [5, 4, 1, 2, 3, 6])
(525, [5, 4, 2, 1, 3, 6])
(526, [5, 4, 2, 3, 1, 6])
(527, [5, 4, 2, 3, 6, 1])
(528, [5, 4, 3, 2, 6, 1])
(529, [5, 4, 3, 2, 1, 6])
(530, [5, 4, 3, 1, 2, 6])
(531, [5, 4, 1, 3, 2, 6])
(532, [5, 1, 4, 3, 2, 6])
(533, [1, 5, 4, 3, 2, 6])
(534, [1, 5, 4, 3, 6, 2])
(535, [5, 1, 4, 3, 6, 2])
(536, [5, 4, 1, 3, 6, 2])
(537, [5, 4, 3, 1, 6, 2])
(538, [5, 4, 3, 6, 1, 2])
(539, [5, 4, 3, 6, 2, 1])
(540, [5, 3, 4, 6, 2, 1])
(541, [5, 3, 4, 6, 1, 2])
(542, [5, 3, 4, 1, 6, 2])
(543, [5, 3, 1, 4, 6, 2])
(544, [5, 1, 3, 4, 6, 2])
(545, [1, 5, 3, 4, 6, 2])
(546, [1, 5, 3, 4, 2, 6])
(547, [5, 1, 3, 4, 2, 6])
(548, [5, 3, 1, 4, 2, 6])
(549, [5, 3, 4, 1, 2, 6])
(550, [5, 3, 4, 2, 1, 6])
(551, [5, 3, 4, 2, 6, 1])
(552, [5, 3, 2, 4, 6, 1])
(553, [5, 3, 2, 4, 1, 6])
(554, [5, 3, 2, 1, 4, 6])
(555, [5, 3, 1, 2, 4, 6])
(556, [5, 1, 3, 2, 4, 6])
(557, [1, 5, 3, 2, 4, 6])
(558, [1, 5, 2, 3, 4, 6])
(559, [5, 1, 2, 3, 4, 6])
(560, [5, 2, 1, 3, 4, 6])
(561, [5, 2, 3, 1, 4, 6])
(562, [5, 2, 3, 4, 1, 6])
(563, [5, 2, 3, 4, 6, 1])
(564, [2, 5, 3, 4, 6, 1])
(565, [2, 5, 3, 4, 1, 6])
(566, [2, 5, 3, 1, 4, 6])
(567, [2, 5, 1, 3, 4, 6])
(568, [2, 1, 5, 3, 4, 6])
(569, [1, 2, 5, 3, 4, 6])
(570, [1, 2, 3, 5, 4, 6])
(571, [2, 1, 3, 5, 4, 6])
(572, [2, 3, 1, 5, 4, 6])
(573, [2, 3, 5, 1, 4, 6])
(574, [2, 3, 5, 4, 1, 6])
(575, [2, 3, 5, 4, 6, 1])
(576, [3, 2, 5, 4, 6, 1])
(577, [3, 2, 5, 4, 1, 6])
(578, [3, 2, 5, 1, 4, 6])
(579, [3, 2, 1, 5, 4, 6])
(580, [3, 1, 2, 5, 4, 6])
(581, [1, 3, 2, 5, 4, 6])
(582, [1, 3, 5, 2, 4, 6])
(583, [3, 1, 5, 2, 4, 6])
(584, [3, 5, 1, 2, 4, 6])
(585, [3, 5, 2, 1, 4, 6])
(586, [3, 5, 2, 4, 1, 6])
(587, [3, 5, 2, 4, 6, 1])
(588, [3, 5, 4, 2, 6, 1])
(589, [3, 5, 4, 2, 1, 6])
(590, [3, 5, 4, 1, 2, 6])
(591, [3, 5, 1, 4, 2, 6])
(592, [3, 1, 5, 4, 2, 6])
(593, [1, 3, 5, 4, 2, 6])
(594, [1, 3, 5, 4, 6, 2])
(595, [3, 1, 5, 4, 6, 2])
(596, [3, 5, 1, 4, 6, 2])
(597, [3, 5, 4, 1, 6, 2])
(598, [3, 5, 4, 6, 1, 2])
(599, [3, 5, 4, 6, 2, 1])
(600, [3, 5, 6, 4, 2, 1])
(601, [3, 5, 6, 4, 1, 2])
(602, [3, 5, 6, 1, 4, 2])
(603, [3, 5, 1, 6, 4, 2])
(604, [3, 1, 5, 6, 4, 2])
(605, [1, 3, 5, 6, 4, 2])
(606, [1, 3, 5, 6, 2, 4])
(607, [3, 1, 5, 6, 2, 4])
(608, [3, 5, 1, 6, 2, 4])
(609, [3, 5, 6, 1, 2, 4])
(610, [3, 5, 6, 2, 1, 4])
(611, [3, 5, 6, 2, 4, 1])
(612, [3, 5, 2, 6, 4, 1])
(613, [3, 5, 2, 6, 1, 4])
(614, [3, 5, 2, 1, 6, 4])
(615, [3, 5, 1, 2, 6, 4])
(616, [3, 1, 5, 2, 6, 4])
(617, [1, 3, 5, 2, 6, 4])
(618, [1, 3, 2, 5, 6, 4])
(619, [3, 1, 2, 5, 6, 4])
(620, [3, 2, 1, 5, 6, 4])
(621, [3, 2, 5, 1, 6, 4])
(622, [3, 2, 5, 6, 1, 4])
(623, [3, 2, 5, 6, 4, 1])
(624, [2, 3, 5, 6, 4, 1])
(625, [2, 3, 5, 6, 1, 4])
(626, [2, 3, 5, 1, 6, 4])
(627, [2, 3, 1, 5, 6, 4])
(628, [2, 1, 3, 5, 6, 4])
(629, [1, 2, 3, 5, 6, 4])
(630, [1, 2, 5, 3, 6, 4])
(631, [2, 1, 5, 3, 6, 4])
(632, [2, 5, 1, 3, 6, 4])
(633, [2, 5, 3, 1, 6, 4])
(634, [2, 5, 3, 6, 1, 4])
(635, [2, 5, 3, 6, 4, 1])
(636, [5, 2, 3, 6, 4, 1])
(637, [5, 2, 3, 6, 1, 4])
(638, [5, 2, 3, 1, 6, 4])
(639, [5, 2, 1, 3, 6, 4])
(640, [5, 1, 2, 3, 6, 4])
(641, [1, 5, 2, 3, 6, 4])
(642, [1, 5, 3, 2, 6, 4])
(643, [5, 1, 3, 2, 6, 4])
(644, [5, 3, 1, 2, 6, 4])
(645, [5, 3, 2, 1, 6, 4])
(646, [5, 3, 2, 6, 1, 4])
(647, [5, 3, 2, 6, 4, 1])
(648, [5, 3, 6, 2, 4, 1])
(649, [5, 3, 6, 2, 1, 4])
(650, [5, 3, 6, 1, 2, 4])
(651, [5, 3, 1, 6, 2, 4])
(652, [5, 1, 3, 6, 2, 4])
(653, [1, 5, 3, 6, 2, 4])
(654, [1, 5, 3, 6, 4, 2])
(655, [5, 1, 3, 6, 4, 2])
(656, [5, 3, 1, 6, 4, 2])
(657, [5, 3, 6, 1, 4, 2])
(658, [5, 3, 6, 4, 1, 2])
(659, [5, 3, 6, 4, 2, 1])
(660, [5, 6, 3, 4, 2, 1])
(661, [5, 6, 3, 4, 1, 2])
(662, [5, 6, 3, 1, 4, 2])
(663, [5, 6, 1, 3, 4, 2])
(664, [5, 1, 6, 3, 4, 2])
(665, [1, 5, 6, 3, 4, 2])
(666, [1, 5, 6, 3, 2, 4])
(667, [5, 1, 6, 3, 2, 4])
(668, [5, 6, 1, 3, 2, 4])
(669, [5, 6, 3, 1, 2, 4])
(670, [5, 6, 3, 2, 1, 4])
(671, [5, 6, 3, 2, 4, 1])
(672, [5, 6, 2, 3, 4, 1])
(673, [5, 6, 2, 3, 1, 4])
(674, [5, 6, 2, 1, 3, 4])
(675, [5, 6, 1, 2, 3, 4])
(676, [5, 1, 6, 2, 3, 4])
(677, [1, 5, 6, 2, 3, 4])
(678, [1, 5, 2, 6, 3, 4])
(679, [5, 1, 2, 6, 3, 4])
(680, [5, 2, 1, 6, 3, 4])
(681, [5, 2, 6, 1, 3, 4])
(682, [5, 2, 6, 3, 1, 4])
(683, [5, 2, 6, 3, 4, 1])
(684, [2, 5, 6, 3, 4, 1])
(685, [2, 5, 6, 3, 1, 4])
(686, [2, 5, 6, 1, 3, 4])
(687, [2, 5, 1, 6, 3, 4])
(688, [2, 1, 5, 6, 3, 4])
(689, [1, 2, 5, 6, 3, 4])
(690, [1, 2, 5, 6, 4, 3])
(691, [2, 1, 5, 6, 4, 3])
(692, [2, 5, 1, 6, 4, 3])
(693, [2, 5, 6, 1, 4, 3])
(694, [2, 5, 6, 4, 1, 3])
(695, [2, 5, 6, 4, 3, 1])
(696, [5, 2, 6, 4, 3, 1])
(697, [5, 2, 6, 4, 1, 3])
(698, [5, 2, 6, 1, 4, 3])
(699, [5, 2, 1, 6, 4, 3])
(700, [5, 1, 2, 6, 4, 3])
(701, [1, 5, 2, 6, 4, 3])
(702, [1, 5, 6, 2, 4, 3])
(703, [5, 1, 6, 2, 4, 3])
(704, [5, 6, 1, 2, 4, 3])
(705, [5, 6, 2, 1, 4, 3])
(706, [5, 6, 2, 4, 1, 3])
(707, [5, 6, 2, 4, 3, 1])
(708, [5, 6, 4, 2, 3, 1])
(709, [5, 6, 4, 2, 1, 3])
(710, [5, 6, 4, 1, 2, 3])
(711, [5, 6, 1, 4, 2, 3])
(712, [5, 1, 6, 4, 2, 3])
(713, [1, 5, 6, 4, 2, 3])
(714, [1, 5, 6, 4, 3, 2])
(715, [5, 1, 6, 4, 3, 2])
(716, [5, 6, 1, 4, 3, 2])
(717, [5, 6, 4, 1, 3, 2])
(718, [5, 6, 4, 3, 1, 2])
(719, [5, 6, 4, 3, 2, 1])

(0, [1, 2, 3, 4, 5, 6])
(1, [1, 2, 3, 4, 6, 5])
(2, [1, 2, 3, 6, 4, 5])
(3, [1, 2, 6, 3, 4, 5])
(4, [1, 6, 2, 3, 4, 5])
(5, [6, 1, 2, 3, 4, 5])
(6, [6, 1, 2, 3, 5, 4])
(7, [1, 6, 2, 3, 5, 4])
(8, [1, 2, 6, 3, 5, 4])
(9, [1, 2, 3, 6, 5, 4])
(10, [1, 2, 3, 5, 6, 4])
(11, [1, 2, 3, 5, 4, 6])
(12, [1, 2, 5, 3, 4, 6])
(13, [1, 2, 5, 3, 6, 4])
(14, [1, 2, 5, 6, 3, 4])
(15, [1, 2, 6, 5, 3, 4])
(16, [1, 6, 2, 5, 3, 4])
(17, [6, 1, 2, 5, 3, 4])
(18, [6, 1, 5, 2, 3, 4])
(19, [1, 6, 5, 2, 3, 4])
(20, [1, 5, 6, 2, 3, 4])
(21, [1, 5, 2, 6, 3, 4])
(22, [1, 5, 2, 3, 6, 4])
(23, [1, 5, 2, 3, 4, 6])
(24, [5, 1, 2, 3, 4, 6])
(25, [5, 1, 2, 3, 6, 4])
(26, [5, 1, 2, 6, 3, 4])
(27, [5, 1, 6, 2, 3, 4])
(28, [5, 6, 1, 2, 3, 4])
(29, [6, 5, 1, 2, 3, 4])
(30, [6, 5, 1, 2, 4, 3])
(31, [5, 6, 1, 2, 4, 3])
(32, [5, 1, 6, 2, 4, 3])
(33, [5, 1, 2, 6, 4, 3])
(34, [5, 1, 2, 4, 6, 3])
(35, [5, 1, 2, 4, 3, 6])
(36, [1, 5, 2, 4, 3, 6])
(37, [1, 5, 2, 4, 6, 3])
(38, [1, 5, 2, 6, 4, 3])
(39, [1, 5, 6, 2, 4, 3])
(40, [1, 6, 5, 2, 4, 3])
(41, [6, 1, 5, 2, 4, 3])
(42, [6, 1, 2, 5, 4, 3])
(43, [1, 6, 2, 5, 4, 3])
(44, [1, 2, 6, 5, 4, 3])
(45, [1, 2, 5, 6, 4, 3])
(46, [1, 2, 5, 4, 6, 3])
(47, [1, 2, 5, 4, 3, 6])
(48, [1, 2, 4, 5, 3, 6])
(49, [1, 2, 4, 5, 6, 3])
(50, [1, 2, 4, 6, 5, 3])
(51, [1, 2, 6, 4, 5, 3])
(52, [1, 6, 2, 4, 5, 3])
(53, [6, 1, 2, 4, 5, 3])
(54, [6, 1, 2, 4, 3, 5])
(55, [1, 6, 2, 4, 3, 5])
(56, [1, 2, 6, 4, 3, 5])
(57, [1, 2, 4, 6, 3, 5])
(58, [1, 2, 4, 3, 6, 5])
(59, [1, 2, 4, 3, 5, 6])
(60, [1, 4, 2, 3, 5, 6])
(61, [1, 4, 2, 3, 6, 5])
(62, [1, 4, 2, 6, 3, 5])
(63, [1, 4, 6, 2, 3, 5])
(64, [1, 6, 4, 2, 3, 5])
(65, [6, 1, 4, 2, 3, 5])
(66, [6, 1, 4, 2, 5, 3])
(67, [1, 6, 4, 2, 5, 3])
(68, [1, 4, 6, 2, 5, 3])
(69, [1, 4, 2, 6, 5, 3])
(70, [1, 4, 2, 5, 6, 3])
(71, [1, 4, 2, 5, 3, 6])
(72, [1, 4, 5, 2, 3, 6])
(73, [1, 4, 5, 2, 6, 3])
(74, [1, 4, 5, 6, 2, 3])
(75, [1, 4, 6, 5, 2, 3])
(76, [1, 6, 4, 5, 2, 3])
(77, [6, 1, 4, 5, 2, 3])
(78, [6, 1, 5, 4, 2, 3])
(79, [1, 6, 5, 4, 2, 3])
(80, [1, 5, 6, 4, 2, 3])
(81, [1, 5, 4, 6, 2, 3])
(82, [1, 5, 4, 2, 6, 3])
(83, [1, 5, 4, 2, 3, 6])
(84, [5, 1, 4, 2, 3, 6])
(85, [5, 1, 4, 2, 6, 3])
(86, [5, 1, 4, 6, 2, 3])
(87, [5, 1, 6, 4, 2, 3])
(88, [5, 6, 1, 4, 2, 3])
(89, [6, 5, 1, 4, 2, 3])
(90, [6, 5, 4, 1, 2, 3])
(91, [5, 6, 4, 1, 2, 3])
(92, [5, 4, 6, 1, 2, 3])
(93, [5, 4, 1, 6, 2, 3])
(94, [5, 4, 1, 2, 6, 3])
(95, [5, 4, 1, 2, 3, 6])
(96, [4, 5, 1, 2, 3, 6])
(97, [4, 5, 1, 2, 6, 3])
(98, [4, 5, 1, 6, 2, 3])
(99, [4, 5, 6, 1, 2, 3])
(100, [4, 6, 5, 1, 2, 3])
(101, [6, 4, 5, 1, 2, 3])
(102, [6, 4, 1, 5, 2, 3])
(103, [4, 6, 1, 5, 2, 3])
(104, [4, 1, 6, 5, 2, 3])
(105, [4, 1, 5, 6, 2, 3])
(106, [4, 1, 5, 2, 6, 3])
(107, [4, 1, 5, 2, 3, 6])
(108, [4, 1, 2, 5, 3, 6])
(109, [4, 1, 2, 5, 6, 3])
(110, [4, 1, 2, 6, 5, 3])
(111, [4, 1, 6, 2, 5, 3])
(112, [4, 6, 1, 2, 5, 3])
(113, [6, 4, 1, 2, 5, 3])
(114, [6, 4, 1, 2, 3, 5])
(115, [4, 6, 1, 2, 3, 5])
(116, [4, 1, 6, 2, 3, 5])
(117, [4, 1, 2, 6, 3, 5])
(118, [4, 1, 2, 3, 6, 5])
(119, [4, 1, 2, 3, 5, 6])
(120, [4, 1, 3, 2, 5, 6])
(121, [4, 1, 3, 2, 6, 5])
(122, [4, 1, 3, 6, 2, 5])
(123, [4, 1, 6, 3, 2, 5])
(124, [4, 6, 1, 3, 2, 5])
(125, [6, 4, 1, 3, 2, 5])
(126, [6, 4, 1, 3, 5, 2])
(127, [4, 6, 1, 3, 5, 2])
(128, [4, 1, 6, 3, 5, 2])
(129, [4, 1, 3, 6, 5, 2])
(130, [4, 1, 3, 5, 6, 2])
(131, [4, 1, 3, 5, 2, 6])
(132, [4, 1, 5, 3, 2, 6])
(133, [4, 1, 5, 3, 6, 2])
(134, [4, 1, 5, 6, 3, 2])
(135, [4, 1, 6, 5, 3, 2])
(136, [4, 6, 1, 5, 3, 2])
(137, [6, 4, 1, 5, 3, 2])
(138, [6, 4, 5, 1, 3, 2])
(139, [4, 6, 5, 1, 3, 2])
(140, [4, 5, 6, 1, 3, 2])
(141, [4, 5, 1, 6, 3, 2])
(142, [4, 5, 1, 3, 6, 2])
(143, [4, 5, 1, 3, 2, 6])
(144, [5, 4, 1, 3, 2, 6])
(145, [5, 4, 1, 3, 6, 2])
(146, [5, 4, 1, 6, 3, 2])
(147, [5, 4, 6, 1, 3, 2])
(148, [5, 6, 4, 1, 3, 2])
(149, [6, 5, 4, 1, 3, 2])
(150, [6, 5, 1, 4, 3, 2])
(151, [5, 6, 1, 4, 3, 2])
(152, [5, 1, 6, 4, 3, 2])
(153, [5, 1, 4, 6, 3, 2])
(154, [5, 1, 4, 3, 6, 2])
(155, [5, 1, 4, 3, 2, 6])
(156, [1, 5, 4, 3, 2, 6])
(157, [1, 5, 4, 3, 6, 2])
(158, [1, 5, 4, 6, 3, 2])
(159, [1, 5, 6, 4, 3, 2])
(160, [1, 6, 5, 4, 3, 2])
(161, [6, 1, 5, 4, 3, 2])
(162, [6, 1, 4, 5, 3, 2])
(163, [1, 6, 4, 5, 3, 2])
(164, [1, 4, 6, 5, 3, 2])
(165, [1, 4, 5, 6, 3, 2])
(166, [1, 4, 5, 3, 6, 2])
(167, [1, 4, 5, 3, 2, 6])
(168, [1, 4, 3, 5, 2, 6])
(169, [1, 4, 3, 5, 6, 2])
(170, [1, 4, 3, 6, 5, 2])
(171, [1, 4, 6, 3, 5, 2])
(172, [1, 6, 4, 3, 5, 2])
(173, [6, 1, 4, 3, 5, 2])
(174, [6, 1, 4, 3, 2, 5])
(175, [1, 6, 4, 3, 2, 5])
(176, [1, 4, 6, 3, 2, 5])
(177, [1, 4, 3, 6, 2, 5])
(178, [1, 4, 3, 2, 6, 5])
(179, [1, 4, 3, 2, 5, 6])
(180, [1, 3, 4, 2, 5, 6])
(181, [1, 3, 4, 2, 6, 5])
(182, [1, 3, 4, 6, 2, 5])
(183, [1, 3, 6, 4, 2, 5])
(184, [1, 6, 3, 4, 2, 5])
(185, [6, 1, 3, 4, 2, 5])
(186, [6, 1, 3, 4, 5, 2])
(187, [1, 6, 3, 4, 5, 2])
(188, [1, 3, 6, 4, 5, 2])
(189, [1, 3, 4, 6, 5, 2])
(190, [1, 3, 4, 5, 6, 2])
(191, [1, 3, 4, 5, 2, 6])
(192, [1, 3, 5, 4, 2, 6])
(193, [1, 3, 5, 4, 6, 2])
(194, [1, 3, 5, 6, 4, 2])
(195, [1, 3, 6, 5, 4, 2])
(196, [1, 6, 3, 5, 4, 2])
(197, [6, 1, 3, 5, 4, 2])
(198, [6, 1, 5, 3, 4, 2])
(199, [1, 6, 5, 3, 4, 2])
(200, [1, 5, 6, 3, 4, 2])
(201, [1, 5, 3, 6, 4, 2])
(202, [1, 5, 3, 4, 6, 2])
(203, [1, 5, 3, 4, 2, 6])
(204, [5, 1, 3, 4, 2, 6])
(205, [5, 1, 3, 4, 6, 2])
(206, [5, 1, 3, 6, 4, 2])
(207, [5, 1, 6, 3, 4, 2])
(208, [5, 6, 1, 3, 4, 2])
(209, [6, 5, 1, 3, 4, 2])
(210, [6, 5, 1, 3, 2, 4])
(211, [5, 6, 1, 3, 2, 4])
(212, [5, 1, 6, 3, 2, 4])
(213, [5, 1, 3, 6, 2, 4])
(214, [5, 1, 3, 2, 6, 4])
(215, [5, 1, 3, 2, 4, 6])
(216, [1, 5, 3, 2, 4, 6])
(217, [1, 5, 3, 2, 6, 4])
(218, [1, 5, 3, 6, 2, 4])
(219, [1, 5, 6, 3, 2, 4])
(220, [1, 6, 5, 3, 2, 4])
(221, [6, 1, 5, 3, 2, 4])
(222, [6, 1, 3, 5, 2, 4])
(223, [1, 6, 3, 5, 2, 4])
(224, [1, 3, 6, 5, 2, 4])
(225, [1, 3, 5, 6, 2, 4])
(226, [1, 3, 5, 2, 6, 4])
(227, [1, 3, 5, 2, 4, 6])
(228, [1, 3, 2, 5, 4, 6])
(229, [1, 3, 2, 5, 6, 4])
(230, [1, 3, 2, 6, 5, 4])
(231, [1, 3, 6, 2, 5, 4])
(232, [1, 6, 3, 2, 5, 4])
(233, [6, 1, 3, 2, 5, 4])
(234, [6, 1, 3, 2, 4, 5])
(235, [1, 6, 3, 2, 4, 5])
(236, [1, 3, 6, 2, 4, 5])
(237, [1, 3, 2, 6, 4, 5])
(238, [1, 3, 2, 4, 6, 5])
(239, [1, 3, 2, 4, 5, 6])
(240, [3, 1, 2, 4, 5, 6])
(241, [3, 1, 2, 4, 6, 5])
(242, [3, 1, 2, 6, 4, 5])
(243, [3, 1, 6, 2, 4, 5])
(244, [3, 6, 1, 2, 4, 5])
(245, [6, 3, 1, 2, 4, 5])
(246, [6, 3, 1, 2, 5, 4])
(247, [3, 6, 1, 2, 5, 4])
(248, [3, 1, 6, 2, 5, 4])
(249, [3, 1, 2, 6, 5, 4])
(250, [3, 1, 2, 5, 6, 4])
(251, [3, 1, 2, 5, 4, 6])
(252, [3, 1, 5, 2, 4, 6])
(253, [3, 1, 5, 2, 6, 4])
(254, [3, 1, 5, 6, 2, 4])
(255, [3, 1, 6, 5, 2, 4])
(256, [3, 6, 1, 5, 2, 4])
(257, [6, 3, 1, 5, 2, 4])
(258, [6, 3, 5, 1, 2, 4])
(259, [3, 6, 5, 1, 2, 4])
(260, [3, 5, 6, 1, 2, 4])
(261, [3, 5, 1, 6, 2, 4])
(262, [3, 5, 1, 2, 6, 4])
(263, [3, 5, 1, 2, 4, 6])
(264, [5, 3, 1, 2, 4, 6])
(265, [5, 3, 1, 2, 6, 4])
(266, [5, 3, 1, 6, 2, 4])
(267, [5, 3, 6, 1, 2, 4])
(268, [5, 6, 3, 1, 2, 4])
(269, [6, 5, 3, 1, 2, 4])
(270, [6, 5, 3, 1, 4, 2])
(271, [5, 6, 3, 1, 4, 2])
(272, [5, 3, 6, 1, 4, 2])
(273, [5, 3, 1, 6, 4, 2])
(274, [5, 3, 1, 4, 6, 2])
(275, [5, 3, 1, 4, 2, 6])
(276, [3, 5, 1, 4, 2, 6])
(277, [3, 5, 1, 4, 6, 2])
(278, [3, 5, 1, 6, 4, 2])
(279, [3, 5, 6, 1, 4, 2])
(280, [3, 6, 5, 1, 4, 2])
(281, [6, 3, 5, 1, 4, 2])
(282, [6, 3, 1, 5, 4, 2])
(283, [3, 6, 1, 5, 4, 2])
(284, [3, 1, 6, 5, 4, 2])
(285, [3, 1, 5, 6, 4, 2])
(286, [3, 1, 5, 4, 6, 2])
(287, [3, 1, 5, 4, 2, 6])
(288, [3, 1, 4, 5, 2, 6])
(289, [3, 1, 4, 5, 6, 2])
(290, [3, 1, 4, 6, 5, 2])
(291, [3, 1, 6, 4, 5, 2])
(292, [3, 6, 1, 4, 5, 2])
(293, [6, 3, 1, 4, 5, 2])
(294, [6, 3, 1, 4, 2, 5])
(295, [3, 6, 1, 4, 2, 5])
(296, [3, 1, 6, 4, 2, 5])
(297, [3, 1, 4, 6, 2, 5])
(298, [3, 1, 4, 2, 6, 5])
(299, [3, 1, 4, 2, 5, 6])
(300, [3, 4, 1, 2, 5, 6])
(301, [3, 4, 1, 2, 6, 5])
(302, [3, 4, 1, 6, 2, 5])
(303, [3, 4, 6, 1, 2, 5])
(304, [3, 6, 4, 1, 2, 5])
(305, [6, 3, 4, 1, 2, 5])
(306, [6, 3, 4, 1, 5, 2])
(307, [3, 6, 4, 1, 5, 2])
(308, [3, 4, 6, 1, 5, 2])
(309, [3, 4, 1, 6, 5, 2])
(310, [3, 4, 1, 5, 6, 2])
(311, [3, 4, 1, 5, 2, 6])
(312, [3, 4, 5, 1, 2, 6])
(313, [3, 4, 5, 1, 6, 2])
(314, [3, 4, 5, 6, 1, 2])
(315, [3, 4, 6, 5, 1, 2])
(316, [3, 6, 4, 5, 1, 2])
(317, [6, 3, 4, 5, 1, 2])
(318, [6, 3, 5, 4, 1, 2])
(319, [3, 6, 5, 4, 1, 2])
(320, [3, 5, 6, 4, 1, 2])
(321, [3, 5, 4, 6, 1, 2])
(322, [3, 5, 4, 1, 6, 2])
(323, [3, 5, 4, 1, 2, 6])
(324, [5, 3, 4, 1, 2, 6])
(325, [5, 3, 4, 1, 6, 2])
(326, [5, 3, 4, 6, 1, 2])
(327, [5, 3, 6, 4, 1, 2])
(328, [5, 6, 3, 4, 1, 2])
(329, [6, 5, 3, 4, 1, 2])
(330, [6, 5, 4, 3, 1, 2])
(331, [5, 6, 4, 3, 1, 2])
(332, [5, 4, 6, 3, 1, 2])
(333, [5, 4, 3, 6, 1, 2])
(334, [5, 4, 3, 1, 6, 2])
(335, [5, 4, 3, 1, 2, 6])
(336, [4, 5, 3, 1, 2, 6])
(337, [4, 5, 3, 1, 6, 2])
(338, [4, 5, 3, 6, 1, 2])
(339, [4, 5, 6, 3, 1, 2])
(340, [4, 6, 5, 3, 1, 2])
(341, [6, 4, 5, 3, 1, 2])
(342, [6, 4, 3, 5, 1, 2])
(343, [4, 6, 3, 5, 1, 2])
(344, [4, 3, 6, 5, 1, 2])
(345, [4, 3, 5, 6, 1, 2])
(346, [4, 3, 5, 1, 6, 2])
(347, [4, 3, 5, 1, 2, 6])
(348, [4, 3, 1, 5, 2, 6])
(349, [4, 3, 1, 5, 6, 2])
(350, [4, 3, 1, 6, 5, 2])
(351, [4, 3, 6, 1, 5, 2])
(352, [4, 6, 3, 1, 5, 2])
(353, [6, 4, 3, 1, 5, 2])
(354, [6, 4, 3, 1, 2, 5])
(355, [4, 6, 3, 1, 2, 5])
(356, [4, 3, 6, 1, 2, 5])
(357, [4, 3, 1, 6, 2, 5])
(358, [4, 3, 1, 2, 6, 5])
(359, [4, 3, 1, 2, 5, 6])
(360, [4, 3, 2, 1, 5, 6])
(361, [4, 3, 2, 1, 6, 5])
(362, [4, 3, 2, 6, 1, 5])
(363, [4, 3, 6, 2, 1, 5])
(364, [4, 6, 3, 2, 1, 5])
(365, [6, 4, 3, 2, 1, 5])
(366, [6, 4, 3, 2, 5, 1])
(367, [4, 6, 3, 2, 5, 1])
(368, [4, 3, 6, 2, 5, 1])
(369, [4, 3, 2, 6, 5, 1])
(370, [4, 3, 2, 5, 6, 1])
(371, [4, 3, 2, 5, 1, 6])
(372, [4, 3, 5, 2, 1, 6])
(373, [4, 3, 5, 2, 6, 1])
(374, [4, 3, 5, 6, 2, 1])
(375, [4, 3, 6, 5, 2, 1])
(376, [4, 6, 3, 5, 2, 1])
(377, [6, 4, 3, 5, 2, 1])
(378, [6, 4, 5, 3, 2, 1])
(379, [4, 6, 5, 3, 2, 1])
(380, [4, 5, 6, 3, 2, 1])
(381, [4, 5, 3, 6, 2, 1])
(382, [4, 5, 3, 2, 6, 1])
(383, [4, 5, 3, 2, 1, 6])
(384, [5, 4, 3, 2, 1, 6])
(385, [5, 4, 3, 2, 6, 1])
(386, [5, 4, 3, 6, 2, 1])
(387, [5, 4, 6, 3, 2, 1])
(388, [5, 6, 4, 3, 2, 1])
(389, [6, 5, 4, 3, 2, 1])
(390, [6, 5, 3, 4, 2, 1])
(391, [5, 6, 3, 4, 2, 1])
(392, [5, 3, 6, 4, 2, 1])
(393, [5, 3, 4, 6, 2, 1])
(394, [5, 3, 4, 2, 6, 1])
(395, [5, 3, 4, 2, 1, 6])
(396, [3, 5, 4, 2, 1, 6])
(397, [3, 5, 4, 2, 6, 1])
(398, [3, 5, 4, 6, 2, 1])
(399, [3, 5, 6, 4, 2, 1])
(400, [3, 6, 5, 4, 2, 1])
(401, [6, 3, 5, 4, 2, 1])
(402, [6, 3, 4, 5, 2, 1])
(403, [3, 6, 4, 5, 2, 1])
(404, [3, 4, 6, 5, 2, 1])
(405, [3, 4, 5, 6, 2, 1])
(406, [3, 4, 5, 2, 6, 1])
(407, [3, 4, 5, 2, 1, 6])
(408, [3, 4, 2, 5, 1, 6])
(409, [3, 4, 2, 5, 6, 1])
(410, [3, 4, 2, 6, 5, 1])
(411, [3, 4, 6, 2, 5, 1])
(412, [3, 6, 4, 2, 5, 1])
(413, [6, 3, 4, 2, 5, 1])
(414, [6, 3, 4, 2, 1, 5])
(415, [3, 6, 4, 2, 1, 5])
(416, [3, 4, 6, 2, 1, 5])
(417, [3, 4, 2, 6, 1, 5])
(418, [3, 4, 2, 1, 6, 5])
(419, [3, 4, 2, 1, 5, 6])
(420, [3, 2, 4, 1, 5, 6])
(421, [3, 2, 4, 1, 6, 5])
(422, [3, 2, 4, 6, 1, 5])
(423, [3, 2, 6, 4, 1, 5])
(424, [3, 6, 2, 4, 1, 5])
(425, [6, 3, 2, 4, 1, 5])
(426, [6, 3, 2, 4, 5, 1])
(427, [3, 6, 2, 4, 5, 1])
(428, [3, 2, 6, 4, 5, 1])
(429, [3, 2, 4, 6, 5, 1])
(430, [3, 2, 4, 5, 6, 1])
(431, [3, 2, 4, 5, 1, 6])
(432, [3, 2, 5, 4, 1, 6])
(433, [3, 2, 5, 4, 6, 1])
(434, [3, 2, 5, 6, 4, 1])
(435, [3, 2, 6, 5, 4, 1])
(436, [3, 6, 2, 5, 4, 1])
(437, [6, 3, 2, 5, 4, 1])
(438, [6, 3, 5, 2, 4, 1])
(439, [3, 6, 5, 2, 4, 1])
(440, [3, 5, 6, 2, 4, 1])
(441, [3, 5, 2, 6, 4, 1])
(442, [3, 5, 2, 4, 6, 1])
(443, [3, 5, 2, 4, 1, 6])
(444, [5, 3, 2, 4, 1, 6])
(445, [5, 3, 2, 4, 6, 1])
(446, [5, 3, 2, 6, 4, 1])
(447, [5, 3, 6, 2, 4, 1])
(448, [5, 6, 3, 2, 4, 1])
(449, [6, 5, 3, 2, 4, 1])
(450, [6, 5, 3, 2, 1, 4])
(451, [5, 6, 3, 2, 1, 4])
(452, [5, 3, 6, 2, 1, 4])
(453, [5, 3, 2, 6, 1, 4])
(454, [5, 3, 2, 1, 6, 4])
(455, [5, 3, 2, 1, 4, 6])
(456, [3, 5, 2, 1, 4, 6])
(457, [3, 5, 2, 1, 6, 4])
(458, [3, 5, 2, 6, 1, 4])
(459, [3, 5, 6, 2, 1, 4])
(460, [3, 6, 5, 2, 1, 4])
(461, [6, 3, 5, 2, 1, 4])
(462, [6, 3, 2, 5, 1, 4])
(463, [3, 6, 2, 5, 1, 4])
(464, [3, 2, 6, 5, 1, 4])
(465, [3, 2, 5, 6, 1, 4])
(466, [3, 2, 5, 1, 6, 4])
(467, [3, 2, 5, 1, 4, 6])
(468, [3, 2, 1, 5, 4, 6])
(469, [3, 2, 1, 5, 6, 4])
(470, [3, 2, 1, 6, 5, 4])
(471, [3, 2, 6, 1, 5, 4])
(472, [3, 6, 2, 1, 5, 4])
(473, [6, 3, 2, 1, 5, 4])
(474, [6, 3, 2, 1, 4, 5])
(475, [3, 6, 2, 1, 4, 5])
(476, [3, 2, 6, 1, 4, 5])
(477, [3, 2, 1, 6, 4, 5])
(478, [3, 2, 1, 4, 6, 5])
(479, [3, 2, 1, 4, 5, 6])
(480, [2, 3, 1, 4, 5, 6])
(481, [2, 3, 1, 4, 6, 5])
(482, [2, 3, 1, 6, 4, 5])
(483, [2, 3, 6, 1, 4, 5])
(484, [2, 6, 3, 1, 4, 5])
(485, [6, 2, 3, 1, 4, 5])
(486, [6, 2, 3, 1, 5, 4])
(487, [2, 6, 3, 1, 5, 4])
(488, [2, 3, 6, 1, 5, 4])
(489, [2, 3, 1, 6, 5, 4])
(490, [2, 3, 1, 5, 6, 4])
(491, [2, 3, 1, 5, 4, 6])
(492, [2, 3, 5, 1, 4, 6])
(493, [2, 3, 5, 1, 6, 4])
(494, [2, 3, 5, 6, 1, 4])
(495, [2, 3, 6, 5, 1, 4])
(496, [2, 6, 3, 5, 1, 4])
(497, [6, 2, 3, 5, 1, 4])
(498, [6, 2, 5, 3, 1, 4])
(499, [2, 6, 5, 3, 1, 4])
(500, [2, 5, 6, 3, 1, 4])
(501, [2, 5, 3, 6, 1, 4])
(502, [2, 5, 3, 1, 6, 4])
(503, [2, 5, 3, 1, 4, 6])
(504, [5, 2, 3, 1, 4, 6])
(505, [5, 2, 3, 1, 6, 4])
(506, [5, 2, 3, 6, 1, 4])
(507, [5, 2, 6, 3, 1, 4])
(508, [5, 6, 2, 3, 1, 4])
(509, [6, 5, 2, 3, 1, 4])
(510, [6, 5, 2, 3, 4, 1])
(511, [5, 6, 2, 3, 4, 1])
(512, [5, 2, 6, 3, 4, 1])
(513, [5, 2, 3, 6, 4, 1])
(514, [5, 2, 3, 4, 6, 1])
(515, [5, 2, 3, 4, 1, 6])
(516, [2, 5, 3, 4, 1, 6])
(517, [2, 5, 3, 4, 6, 1])
(518, [2, 5, 3, 6, 4, 1])
(519, [2, 5, 6, 3, 4, 1])
(520, [2, 6, 5, 3, 4, 1])
(521, [6, 2, 5, 3, 4, 1])
(522, [6, 2, 3, 5, 4, 1])
(523, [2, 6, 3, 5, 4, 1])
(524, [2, 3, 6, 5, 4, 1])
(525, [2, 3, 5, 6, 4, 1])
(526, [2, 3, 5, 4, 6, 1])
(527, [2, 3, 5, 4, 1, 6])
(528, [2, 3, 4, 5, 1, 6])
(529, [2, 3, 4, 5, 6, 1])
(530, [2, 3, 4, 6, 5, 1])
(531, [2, 3, 6, 4, 5, 1])
(532, [2, 6, 3, 4, 5, 1])
(533, [6, 2, 3, 4, 5, 1])
(534, [6, 2, 3, 4, 1, 5])
(535, [2, 6, 3, 4, 1, 5])
(536, [2, 3, 6, 4, 1, 5])
(537, [2, 3, 4, 6, 1, 5])
(538, [2, 3, 4, 1, 6, 5])
(539, [2, 3, 4, 1, 5, 6])
(540, [2, 4, 3, 1, 5, 6])
(541, [2, 4, 3, 1, 6, 5])
(542, [2, 4, 3, 6, 1, 5])
(543, [2, 4, 6, 3, 1, 5])
(544, [2, 6, 4, 3, 1, 5])
(545, [6, 2, 4, 3, 1, 5])
(546, [6, 2, 4, 3, 5, 1])
(547, [2, 6, 4, 3, 5, 1])
(548, [2, 4, 6, 3, 5, 1])
(549, [2, 4, 3, 6, 5, 1])
(550, [2, 4, 3, 5, 6, 1])
(551, [2, 4, 3, 5, 1, 6])
(552, [2, 4, 5, 3, 1, 6])
(553, [2, 4, 5, 3, 6, 1])
(554, [2, 4, 5, 6, 3, 1])
(555, [2, 4, 6, 5, 3, 1])
(556, [2, 6, 4, 5, 3, 1])
(557, [6, 2, 4, 5, 3, 1])
(558, [6, 2, 5, 4, 3, 1])
(559, [2, 6, 5, 4, 3, 1])
(560, [2, 5, 6, 4, 3, 1])
(561, [2, 5, 4, 6, 3, 1])
(562, [2, 5, 4, 3, 6, 1])
(563, [2, 5, 4, 3, 1, 6])
(564, [5, 2, 4, 3, 1, 6])
(565, [5, 2, 4, 3, 6, 1])
(566, [5, 2, 4, 6, 3, 1])
(567, [5, 2, 6, 4, 3, 1])
(568, [5, 6, 2, 4, 3, 1])
(569, [6, 5, 2, 4, 3, 1])
(570, [6, 5, 4, 2, 3, 1])
(571, [5, 6, 4, 2, 3, 1])
(572, [5, 4, 6, 2, 3, 1])
(573, [5, 4, 2, 6, 3, 1])
(574, [5, 4, 2, 3, 6, 1])
(575, [5, 4, 2, 3, 1, 6])
(576, [4, 5, 2, 3, 1, 6])
(577, [4, 5, 2, 3, 6, 1])
(578, [4, 5, 2, 6, 3, 1])
(579, [4, 5, 6, 2, 3, 1])
(580, [4, 6, 5, 2, 3, 1])
(581, [6, 4, 5, 2, 3, 1])
(582, [6, 4, 2, 5, 3, 1])
(583, [4, 6, 2, 5, 3, 1])
(584, [4, 2, 6, 5, 3, 1])
(585, [4, 2, 5, 6, 3, 1])
(586, [4, 2, 5, 3, 6, 1])
(587, [4, 2, 5, 3, 1, 6])
(588, [4, 2, 3, 5, 1, 6])
(589, [4, 2, 3, 5, 6, 1])
(590, [4, 2, 3, 6, 5, 1])
(591, [4, 2, 6, 3, 5, 1])
(592, [4, 6, 2, 3, 5, 1])
(593, [6, 4, 2, 3, 5, 1])
(594, [6, 4, 2, 3, 1, 5])
(595, [4, 6, 2, 3, 1, 5])
(596, [4, 2, 6, 3, 1, 5])
(597, [4, 2, 3, 6, 1, 5])
(598, [4, 2, 3, 1, 6, 5])
(599, [4, 2, 3, 1, 5, 6])
(600, [4, 2, 1, 3, 5, 6])
(601, [4, 2, 1, 3, 6, 5])
(602, [4, 2, 1, 6, 3, 5])
(603, [4, 2, 6, 1, 3, 5])
(604, [4, 6, 2, 1, 3, 5])
(605, [6, 4, 2, 1, 3, 5])
(606, [6, 4, 2, 1, 5, 3])
(607, [4, 6, 2, 1, 5, 3])
(608, [4, 2, 6, 1, 5, 3])
(609, [4, 2, 1, 6, 5, 3])
(610, [4, 2, 1, 5, 6, 3])
(611, [4, 2, 1, 5, 3, 6])
(612, [4, 2, 5, 1, 3, 6])
(613, [4, 2, 5, 1, 6, 3])
(614, [4, 2, 5, 6, 1, 3])
(615, [4, 2, 6, 5, 1, 3])
(616, [4, 6, 2, 5, 1, 3])
(617, [6, 4, 2, 5, 1, 3])
(618, [6, 4, 5, 2, 1, 3])
(619, [4, 6, 5, 2, 1, 3])
(620, [4, 5, 6, 2, 1, 3])
(621, [4, 5, 2, 6, 1, 3])
(622, [4, 5, 2, 1, 6, 3])
(623, [4, 5, 2, 1, 3, 6])
(624, [5, 4, 2, 1, 3, 6])
(625, [5, 4, 2, 1, 6, 3])
(626, [5, 4, 2, 6, 1, 3])
(627, [5, 4, 6, 2, 1, 3])
(628, [5, 6, 4, 2, 1, 3])
(629, [6, 5, 4, 2, 1, 3])
(630, [6, 5, 2, 4, 1, 3])
(631, [5, 6, 2, 4, 1, 3])
(632, [5, 2, 6, 4, 1, 3])
(633, [5, 2, 4, 6, 1, 3])
(634, [5, 2, 4, 1, 6, 3])
(635, [5, 2, 4, 1, 3, 6])
(636, [2, 5, 4, 1, 3, 6])
(637, [2, 5, 4, 1, 6, 3])
(638, [2, 5, 4, 6, 1, 3])
(639, [2, 5, 6, 4, 1, 3])
(640, [2, 6, 5, 4, 1, 3])
(641, [6, 2, 5, 4, 1, 3])
(642, [6, 2, 4, 5, 1, 3])
(643, [2, 6, 4, 5, 1, 3])
(644, [2, 4, 6, 5, 1, 3])
(645, [2, 4, 5, 6, 1, 3])
(646, [2, 4, 5, 1, 6, 3])
(647, [2, 4, 5, 1, 3, 6])
(648, [2, 4, 1, 5, 3, 6])
(649, [2, 4, 1, 5, 6, 3])
(650, [2, 4, 1, 6, 5, 3])
(651, [2, 4, 6, 1, 5, 3])
(652, [2, 6, 4, 1, 5, 3])
(653, [6, 2, 4, 1, 5, 3])
(654, [6, 2, 4, 1, 3, 5])
(655, [2, 6, 4, 1, 3, 5])
(656, [2, 4, 6, 1, 3, 5])
(657, [2, 4, 1, 6, 3, 5])
(658, [2, 4, 1, 3, 6, 5])
(659, [2, 4, 1, 3, 5, 6])
(660, [2, 1, 4, 3, 5, 6])
(661, [2, 1, 4, 3, 6, 5])
(662, [2, 1, 4, 6, 3, 5])
(663, [2, 1, 6, 4, 3, 5])
(664, [2, 6, 1, 4, 3, 5])
(665, [6, 2, 1, 4, 3, 5])
(666, [6, 2, 1, 4, 5, 3])
(667, [2, 6, 1, 4, 5, 3])
(668, [2, 1, 6, 4, 5, 3])
(669, [2, 1, 4, 6, 5, 3])
(670, [2, 1, 4, 5, 6, 3])
(671, [2, 1, 4, 5, 3, 6])
(672, [2, 1, 5, 4, 3, 6])
(673, [2, 1, 5, 4, 6, 3])
(674, [2, 1, 5, 6, 4, 3])
(675, [2, 1, 6, 5, 4, 3])
(676, [2, 6, 1, 5, 4, 3])
(677, [6, 2, 1, 5, 4, 3])
(678, [6, 2, 5, 1, 4, 3])
(679, [2, 6, 5, 1, 4, 3])
(680, [2, 5, 6, 1, 4, 3])
(681, [2, 5, 1, 6, 4, 3])
(682, [2, 5, 1, 4, 6, 3])
(683, [2, 5, 1, 4, 3, 6])
(684, [5, 2, 1, 4, 3, 6])
(685, [5, 2, 1, 4, 6, 3])
(686, [5, 2, 1, 6, 4, 3])
(687, [5, 2, 6, 1, 4, 3])
(688, [5, 6, 2, 1, 4, 3])
(689, [6, 5, 2, 1, 4, 3])
(690, [6, 5, 2, 1, 3, 4])
(691, [5, 6, 2, 1, 3, 4])
(692, [5, 2, 6, 1, 3, 4])
(693, [5, 2, 1, 6, 3, 4])
(694, [5, 2, 1, 3, 6, 4])
(695, [5, 2, 1, 3, 4, 6])
(696, [2, 5, 1, 3, 4, 6])
(697, [2, 5, 1, 3, 6, 4])
(698, [2, 5, 1, 6, 3, 4])
(699, [2, 5, 6, 1, 3, 4])
(700, [2, 6, 5, 1, 3, 4])
(701, [6, 2, 5, 1, 3, 4])
(702, [6, 2, 1, 5, 3, 4])
(703, [2, 6, 1, 5, 3, 4])
(704, [2, 1, 6, 5, 3, 4])
(705, [2, 1, 5, 6, 3, 4])
(706, [2, 1, 5, 3, 6, 4])
(707, [2, 1, 5, 3, 4, 6])
(708, [2, 1, 3, 5, 4, 6])
(709, [2, 1, 3, 5, 6, 4])
(710, [2, 1, 3, 6, 5, 4])
(711, [2, 1, 6, 3, 5, 4])
(712, [2, 6, 1, 3, 5, 4])
(713, [6, 2, 1, 3, 5, 4])
(714, [6, 2, 1, 3, 4, 5])
(715, [2, 6, 1, 3, 4, 5])
(716, [2, 1, 6, 3, 4, 5])
(717, [2, 1, 3, 6, 4, 5])
(718, [2, 1, 3, 4, 6, 5])
(719, [2, 1, 3, 4, 5, 6])

(0, [6, 5, 4, 3, 2, 1])
(1, [6, 5, 4, 3, 1, 2])
(2, [6, 5, 4, 1, 3, 2])
(3, [6, 5, 1, 4, 3, 2])
(4, [6, 1, 5, 4, 3, 2])
(5, [1, 6, 5, 4, 3, 2])
(6, [1, 6, 5, 4, 2, 3])
(7, [6, 1, 5, 4, 2, 3])
(8, [6, 5, 1, 4, 2, 3])
(9, [6, 5, 4, 1, 2, 3])
(10, [6, 5, 4, 2, 1, 3])
(11, [6, 5, 4, 2, 3, 1])
(12, [6, 5, 2, 4, 3, 1])
(13, [6, 5, 2, 4, 1, 3])
(14, [6, 5, 2, 1, 4, 3])
(15, [6, 5, 1, 2, 4, 3])
(16, [6, 1, 5, 2, 4, 3])
(17, [1, 6, 5, 2, 4, 3])
(18, [1, 6, 2, 5, 4, 3])
(19, [6, 1, 2, 5, 4, 3])
(20, [6, 2, 1, 5, 4, 3])
(21, [6, 2, 5, 1, 4, 3])
(22, [6, 2, 5, 4, 1, 3])
(23, [6, 2, 5, 4, 3, 1])
(24, [2, 6, 5, 4, 3, 1])
(25, [2, 6, 5, 4, 1, 3])
(26, [2, 6, 5, 1, 4, 3])
(27, [2, 6, 1, 5, 4, 3])
(28, [2, 1, 6, 5, 4, 3])
(29, [1, 2, 6, 5, 4, 3])
(30, [1, 2, 6, 5, 3, 4])
(31, [2, 1, 6, 5, 3, 4])
(32, [2, 6, 1, 5, 3, 4])
(33, [2, 6, 5, 1, 3, 4])
(34, [2, 6, 5, 3, 1, 4])
(35, [2, 6, 5, 3, 4, 1])
(36, [6, 2, 5, 3, 4, 1])
(37, [6, 2, 5, 3, 1, 4])
(38, [6, 2, 5, 1, 3, 4])
(39, [6, 2, 1, 5, 3, 4])
(40, [6, 1, 2, 5, 3, 4])
(41, [1, 6, 2, 5, 3, 4])
(42, [1, 6, 5, 2, 3, 4])
(43, [6, 1, 5, 2, 3, 4])
(44, [6, 5, 1, 2, 3, 4])
(45, [6, 5, 2, 1, 3, 4])
(46, [6, 5, 2, 3, 1, 4])
(47, [6, 5, 2, 3, 4, 1])
(48, [6, 5, 3, 2, 4, 1])
(49, [6, 5, 3, 2, 1, 4])
(50, [6, 5, 3, 1, 2, 4])
(51, [6, 5, 1, 3, 2, 4])
(52, [6, 1, 5, 3, 2, 4])
(53, [1, 6, 5, 3, 2, 4])
(54, [1, 6, 5, 3, 4, 2])
(55, [6, 1, 5, 3, 4, 2])
(56, [6, 5, 1, 3, 4, 2])
(57, [6, 5, 3, 1, 4, 2])
(58, [6, 5, 3, 4, 1, 2])
(59, [6, 5, 3, 4, 2, 1])
(60, [6, 3, 5, 4, 2, 1])
(61, [6, 3, 5, 4, 1, 2])
(62, [6, 3, 5, 1, 4, 2])
(63, [6, 3, 1, 5, 4, 2])
(64, [6, 1, 3, 5, 4, 2])
(65, [1, 6, 3, 5, 4, 2])
(66, [1, 6, 3, 5, 2, 4])
(67, [6, 1, 3, 5, 2, 4])
(68, [6, 3, 1, 5, 2, 4])
(69, [6, 3, 5, 1, 2, 4])
(70, [6, 3, 5, 2, 1, 4])
(71, [6, 3, 5, 2, 4, 1])
(72, [6, 3, 2, 5, 4, 1])
(73, [6, 3, 2, 5, 1, 4])
(74, [6, 3, 2, 1, 5, 4])
(75, [6, 3, 1, 2, 5, 4])
(76, [6, 1, 3, 2, 5, 4])
(77, [1, 6, 3, 2, 5, 4])
(78, [1, 6, 2, 3, 5, 4])
(79, [6, 1, 2, 3, 5, 4])
(80, [6, 2, 1, 3, 5, 4])
(81, [6, 2, 3, 1, 5, 4])
(82, [6, 2, 3, 5, 1, 4])
(83, [6, 2, 3, 5, 4, 1])
(84, [2, 6, 3, 5, 4, 1])
(85, [2, 6, 3, 5, 1, 4])
(86, [2, 6, 3, 1, 5, 4])
(87, [2, 6, 1, 3, 5, 4])
(88, [2, 1, 6, 3, 5, 4])
(89, [1, 2, 6, 3, 5, 4])
(90, [1, 2, 3, 6, 5, 4])
(91, [2, 1, 3, 6, 5, 4])
(92, [2, 3, 1, 6, 5, 4])
(93, [2, 3, 6, 1, 5, 4])
(94, [2, 3, 6, 5, 1, 4])
(95, [2, 3, 6, 5, 4, 1])
(96, [3, 2, 6, 5, 4, 1])
(97, [3, 2, 6, 5, 1, 4])
(98, [3, 2, 6, 1, 5, 4])
(99, [3, 2, 1, 6, 5, 4])
(100, [3, 1, 2, 6, 5, 4])
(101, [1, 3, 2, 6, 5, 4])
(102, [1, 3, 6, 2, 5, 4])
(103, [3, 1, 6, 2, 5, 4])
(104, [3, 6, 1, 2, 5, 4])
(105, [3, 6, 2, 1, 5, 4])
(106, [3, 6, 2, 5, 1, 4])
(107, [3, 6, 2, 5, 4, 1])
(108, [3, 6, 5, 2, 4, 1])
(109, [3, 6, 5, 2, 1, 4])
(110, [3, 6, 5, 1, 2, 4])
(111, [3, 6, 1, 5, 2, 4])
(112, [3, 1, 6, 5, 2, 4])
(113, [1, 3, 6, 5, 2, 4])
(114, [1, 3, 6, 5, 4, 2])
(115, [3, 1, 6, 5, 4, 2])
(116, [3, 6, 1, 5, 4, 2])
(117, [3, 6, 5, 1, 4, 2])
(118, [3, 6, 5, 4, 1, 2])
(119, [3, 6, 5, 4, 2, 1])
(120, [3, 6, 4, 5, 2, 1])
(121, [3, 6, 4, 5, 1, 2])
(122, [3, 6, 4, 1, 5, 2])
(123, [3, 6, 1, 4, 5, 2])
(124, [3, 1, 6, 4, 5, 2])
(125, [1, 3, 6, 4, 5, 2])
(126, [1, 3, 6, 4, 2, 5])
(127, [3, 1, 6, 4, 2, 5])
(128, [3, 6, 1, 4, 2, 5])
(129, [3, 6, 4, 1, 2, 5])
(130, [3, 6, 4, 2, 1, 5])
(131, [3, 6, 4, 2, 5, 1])
(132, [3, 6, 2, 4, 5, 1])
(133, [3, 6, 2, 4, 1, 5])
(134, [3, 6, 2, 1, 4, 5])
(135, [3, 6, 1, 2, 4, 5])
(136, [3, 1, 6, 2, 4, 5])
(137, [1, 3, 6, 2, 4, 5])
(138, [1, 3, 2, 6, 4, 5])
(139, [3, 1, 2, 6, 4, 5])
(140, [3, 2, 1, 6, 4, 5])
(141, [3, 2, 6, 1, 4, 5])
(142, [3, 2, 6, 4, 1, 5])
(143, [3, 2, 6, 4, 5, 1])
(144, [2, 3, 6, 4, 5, 1])
(145, [2, 3, 6, 4, 1, 5])
(146, [2, 3, 6, 1, 4, 5])
(147, [2, 3, 1, 6, 4, 5])
(148, [2, 1, 3, 6, 4, 5])
(149, [1, 2, 3, 6, 4, 5])
(150, [1, 2, 6, 3, 4, 5])
(151, [2, 1, 6, 3, 4, 5])
(152, [2, 6, 1, 3, 4, 5])
(153, [2, 6, 3, 1, 4, 5])
(154, [2, 6, 3, 4, 1, 5])
(155, [2, 6, 3, 4, 5, 1])
(156, [6, 2, 3, 4, 5, 1])
(157, [6, 2, 3, 4, 1, 5])
(158, [6, 2, 3, 1, 4, 5])
(159, [6, 2, 1, 3, 4, 5])
(160, [6, 1, 2, 3, 4, 5])
(161, [1, 6, 2, 3, 4, 5])
(162, [1, 6, 3, 2, 4, 5])
(163, [6, 1, 3, 2, 4, 5])
(164, [6, 3, 1, 2, 4, 5])
(165, [6, 3, 2, 1, 4, 5])
(166, [6, 3, 2, 4, 1, 5])
(167, [6, 3, 2, 4, 5, 1])
(168, [6, 3, 4, 2, 5, 1])
(169, [6, 3, 4, 2, 1, 5])
(170, [6, 3, 4, 1, 2, 5])
(171, [6, 3, 1, 4, 2, 5])
(172, [6, 1, 3, 4, 2, 5])
(173, [1, 6, 3, 4, 2, 5])
(174, [1, 6, 3, 4, 5, 2])
(175, [6, 1, 3, 4, 5, 2])
(176, [6, 3, 1, 4, 5, 2])
(177, [6, 3, 4, 1, 5, 2])
(178, [6, 3, 4, 5, 1, 2])
(179, [6, 3, 4, 5, 2, 1])
(180, [6, 4, 3, 5, 2, 1])
(181, [6, 4, 3, 5, 1, 2])
(182, [6, 4, 3, 1, 5, 2])
(183, [6, 4, 1, 3, 5, 2])
(184, [6, 1, 4, 3, 5, 2])
(185, [1, 6, 4, 3, 5, 2])
(186, [1, 6, 4, 3, 2, 5])
(187, [6, 1, 4, 3, 2, 5])
(188, [6, 4, 1, 3, 2, 5])
(189, [6, 4, 3, 1, 2, 5])
(190, [6, 4, 3, 2, 1, 5])
(191, [6, 4, 3, 2, 5, 1])
(192, [6, 4, 2, 3, 5, 1])
(193, [6, 4, 2, 3, 1, 5])
(194, [6, 4, 2, 1, 3, 5])
(195, [6, 4, 1, 2, 3, 5])
(196, [6, 1, 4, 2, 3, 5])
(197, [1, 6, 4, 2, 3, 5])
(198, [1, 6, 2, 4, 3, 5])
(199, [6, 1, 2, 4, 3, 5])
(200, [6, 2, 1, 4, 3, 5])
(201, [6, 2, 4, 1, 3, 5])
(202, [6, 2, 4, 3, 1, 5])
(203, [6, 2, 4, 3, 5, 1])
(204, [2, 6, 4, 3, 5, 1])
(205, [2, 6, 4, 3, 1, 5])
(206, [2, 6, 4, 1, 3, 5])
(207, [2, 6, 1, 4, 3, 5])
(208, [2, 1, 6, 4, 3, 5])
(209, [1, 2, 6, 4, 3, 5])
(210, [1, 2, 6, 4, 5, 3])
(211, [2, 1, 6, 4, 5, 3])
(212, [2, 6, 1, 4, 5, 3])
(213, [2, 6, 4, 1, 5, 3])
(214, [2, 6, 4, 5, 1, 3])
(215, [2, 6, 4, 5, 3, 1])
(216, [6, 2, 4, 5, 3, 1])
(217, [6, 2, 4, 5, 1, 3])
(218, [6, 2, 4, 1, 5, 3])
(219, [6, 2, 1, 4, 5, 3])
(220, [6, 1, 2, 4, 5, 3])
(221, [1, 6, 2, 4, 5, 3])
(222, [1, 6, 4, 2, 5, 3])
(223, [6, 1, 4, 2, 5, 3])
(224, [6, 4, 1, 2, 5, 3])
(225, [6, 4, 2, 1, 5, 3])
(226, [6, 4, 2, 5, 1, 3])
(227, [6, 4, 2, 5, 3, 1])
(228, [6, 4, 5, 2, 3, 1])
(229, [6, 4, 5, 2, 1, 3])
(230, [6, 4, 5, 1, 2, 3])
(231, [6, 4, 1, 5, 2, 3])
(232, [6, 1, 4, 5, 2, 3])
(233, [1, 6, 4, 5, 2, 3])
(234, [1, 6, 4, 5, 3, 2])
(235, [6, 1, 4, 5, 3, 2])
(236, [6, 4, 1, 5, 3, 2])
(237, [6, 4, 5, 1, 3, 2])
(238, [6, 4, 5, 3, 1, 2])
(239, [6, 4, 5, 3, 2, 1])
(240, [4, 6, 5, 3, 2, 1])
(241, [4, 6, 5, 3, 1, 2])
(242, [4, 6, 5, 1, 3, 2])
(243, [4, 6, 1, 5, 3, 2])
(244, [4, 1, 6, 5, 3, 2])
(245, [1, 4, 6, 5, 3, 2])
(246, [1, 4, 6, 5, 2, 3])
(247, [4, 1, 6, 5, 2, 3])
(248, [4, 6, 1, 5, 2, 3])
(249, [4, 6, 5, 1, 2, 3])
(250, [4, 6, 5, 2, 1, 3])
(251, [4, 6, 5, 2, 3, 1])
(252, [4, 6, 2, 5, 3, 1])
(253, [4, 6, 2, 5, 1, 3])
(254, [4, 6, 2, 1, 5, 3])
(255, [4, 6, 1, 2, 5, 3])
(256, [4, 1, 6, 2, 5, 3])
(257, [1, 4, 6, 2, 5, 3])
(258, [1, 4, 2, 6, 5, 3])
(259, [4, 1, 2, 6, 5, 3])
(260, [4, 2, 1, 6, 5, 3])
(261, [4, 2, 6, 1, 5, 3])
(262, [4, 2, 6, 5, 1, 3])
(263, [4, 2, 6, 5, 3, 1])
(264, [2, 4, 6, 5, 3, 1])
(265, [2, 4, 6, 5, 1, 3])
(266, [2, 4, 6, 1, 5, 3])
(267, [2, 4, 1, 6, 5, 3])
(268, [2, 1, 4, 6, 5, 3])
(269, [1, 2, 4, 6, 5, 3])
(270, [1, 2, 4, 6, 3, 5])
(271, [2, 1, 4, 6, 3, 5])
(272, [2, 4, 1, 6, 3, 5])
(273, [2, 4, 6, 1, 3, 5])
(274, [2, 4, 6, 3, 1, 5])
(275, [2, 4, 6, 3, 5, 1])
(276, [4, 2, 6, 3, 5, 1])
(277, [4, 2, 6, 3, 1, 5])
(278, [4, 2, 6, 1, 3, 5])
(279, [4, 2, 1, 6, 3, 5])
(280, [4, 1, 2, 6, 3, 5])
(281, [1, 4, 2, 6, 3, 5])
(282, [1, 4, 6, 2, 3, 5])
(283, [4, 1, 6, 2, 3, 5])
(284, [4, 6, 1, 2, 3, 5])
(285, [4, 6, 2, 1, 3, 5])
(286, [4, 6, 2, 3, 1, 5])
(287, [4, 6, 2, 3, 5, 1])
(288, [4, 6, 3, 2, 5, 1])
(289, [4, 6, 3, 2, 1, 5])
(290, [4, 6, 3, 1, 2, 5])
(291, [4, 6, 1, 3, 2, 5])
(292, [4, 1, 6, 3, 2, 5])
(293, [1, 4, 6, 3, 2, 5])
(294, [1, 4, 6, 3, 5, 2])
(295, [4, 1, 6, 3, 5, 2])
(296, [4, 6, 1, 3, 5, 2])
(297, [4, 6, 3, 1, 5, 2])
(298, [4, 6, 3, 5, 1, 2])
(299, [4, 6, 3, 5, 2, 1])
(300, [4, 3, 6, 5, 2, 1])
(301, [4, 3, 6, 5, 1, 2])
(302, [4, 3, 6, 1, 5, 2])
(303, [4, 3, 1, 6, 5, 2])
(304, [4, 1, 3, 6, 5, 2])
(305, [1, 4, 3, 6, 5, 2])
(306, [1, 4, 3, 6, 2, 5])
(307, [4, 1, 3, 6, 2, 5])
(308, [4, 3, 1, 6, 2, 5])
(309, [4, 3, 6, 1, 2, 5])
(310, [4, 3, 6, 2, 1, 5])
(311, [4, 3, 6, 2, 5, 1])
(312, [4, 3, 2, 6, 5, 1])
(313, [4, 3, 2, 6, 1, 5])
(314, [4, 3, 2, 1, 6, 5])
(315, [4, 3, 1, 2, 6, 5])
(316, [4, 1, 3, 2, 6, 5])
(317, [1, 4, 3, 2, 6, 5])
(318, [1, 4, 2, 3, 6, 5])
(319, [4, 1, 2, 3, 6, 5])
(320, [4, 2, 1, 3, 6, 5])
(321, [4, 2, 3, 1, 6, 5])
(322, [4, 2, 3, 6, 1, 5])
(323, [4, 2, 3, 6, 5, 1])
(324, [2, 4, 3, 6, 5, 1])
(325, [2, 4, 3, 6, 1, 5])
(326, [2, 4, 3, 1, 6, 5])
(327, [2, 4, 1, 3, 6, 5])
(328, [2, 1, 4, 3, 6, 5])
(329, [1, 2, 4, 3, 6, 5])
(330, [1, 2, 3, 4, 6, 5])
(331, [2, 1, 3, 4, 6, 5])
(332, [2, 3, 1, 4, 6, 5])
(333, [2, 3, 4, 1, 6, 5])
(334, [2, 3, 4, 6, 1, 5])
(335, [2, 3, 4, 6, 5, 1])
(336, [3, 2, 4, 6, 5, 1])
(337, [3, 2, 4, 6, 1, 5])
(338, [3, 2, 4, 1, 6, 5])
(339, [3, 2, 1, 4, 6, 5])
(340, [3, 1, 2, 4, 6, 5])
(341, [1, 3, 2, 4, 6, 5])
(342, [1, 3, 4, 2, 6, 5])
(343, [3, 1, 4, 2, 6, 5])
(344, [3, 4, 1, 2, 6, 5])
(345, [3, 4, 2, 1, 6, 5])
(346, [3, 4, 2, 6, 1, 5])
(347, [3, 4, 2, 6, 5, 1])
(348, [3, 4, 6, 2, 5, 1])
(349, [3, 4, 6, 2, 1, 5])
(350, [3, 4, 6, 1, 2, 5])
(351, [3, 4, 1, 6, 2, 5])
(352, [3, 1, 4, 6, 2, 5])
(353, [1, 3, 4, 6, 2, 5])
(354, [1, 3, 4, 6, 5, 2])
(355, [3, 1, 4, 6, 5, 2])
(356, [3, 4, 1, 6, 5, 2])
(357, [3, 4, 6, 1, 5, 2])
(358, [3, 4, 6, 5, 1, 2])
(359, [3, 4, 6, 5, 2, 1])
(360, [3, 4, 5, 6, 2, 1])
(361, [3, 4, 5, 6, 1, 2])
(362, [3, 4, 5, 1, 6, 2])
(363, [3, 4, 1, 5, 6, 2])
(364, [3, 1, 4, 5, 6, 2])
(365, [1, 3, 4, 5, 6, 2])
(366, [1, 3, 4, 5, 2, 6])
(367, [3, 1, 4, 5, 2, 6])
(368, [3, 4, 1, 5, 2, 6])
(369, [3, 4, 5, 1, 2, 6])
(370, [3, 4, 5, 2, 1, 6])
(371, [3, 4, 5, 2, 6, 1])
(372, [3, 4, 2, 5, 6, 1])
(373, [3, 4, 2, 5, 1, 6])
(374, [3, 4, 2, 1, 5, 6])
(375, [3, 4, 1, 2, 5, 6])
(376, [3, 1, 4, 2, 5, 6])
(377, [1, 3, 4, 2, 5, 6])
(378, [1, 3, 2, 4, 5, 6])
(379, [3, 1, 2, 4, 5, 6])
(380, [3, 2, 1, 4, 5, 6])
(381, [3, 2, 4, 1, 5, 6])
(382, [3, 2, 4, 5, 1, 6])
(383, [3, 2, 4, 5, 6, 1])
(384, [2, 3, 4, 5, 6, 1])
(385, [2, 3, 4, 5, 1, 6])
(386, [2, 3, 4, 1, 5, 6])
(387, [2, 3, 1, 4, 5, 6])
(388, [2, 1, 3, 4, 5, 6])
(389, [1, 2, 3, 4, 5, 6])
(390, [1, 2, 4, 3, 5, 6])
(391, [2, 1, 4, 3, 5, 6])
(392, [2, 4, 1, 3, 5, 6])
(393, [2, 4, 3, 1, 5, 6])
(394, [2, 4, 3, 5, 1, 6])
(395, [2, 4, 3, 5, 6, 1])
(396, [4, 2, 3, 5, 6, 1])
(397, [4, 2, 3, 5, 1, 6])
(398, [4, 2, 3, 1, 5, 6])
(399, [4, 2, 1, 3, 5, 6])
(400, [4, 1, 2, 3, 5, 6])
(401, [1, 4, 2, 3, 5, 6])
(402, [1, 4, 3, 2, 5, 6])
(403, [4, 1, 3, 2, 5, 6])
(404, [4, 3, 1, 2, 5, 6])
(405, [4, 3, 2, 1, 5, 6])
(406, [4, 3, 2, 5, 1, 6])
(407, [4, 3, 2, 5, 6, 1])
(408, [4, 3, 5, 2, 6, 1])
(409, [4, 3, 5, 2, 1, 6])
(410, [4, 3, 5, 1, 2, 6])
(411, [4, 3, 1, 5, 2, 6])
(412, [4, 1, 3, 5, 2, 6])
(413, [1, 4, 3, 5, 2, 6])
(414, [1, 4, 3, 5, 6, 2])
(415, [4, 1, 3, 5, 6, 2])
(416, [4, 3, 1, 5, 6, 2])
(417, [4, 3, 5, 1, 6, 2])
(418, [4, 3, 5, 6, 1, 2])
(419, [4, 3, 5, 6, 2, 1])
(420, [4, 5, 3, 6, 2, 1])
(421, [4, 5, 3, 6, 1, 2])
(422, [4, 5, 3, 1, 6, 2])
(423, [4, 5, 1, 3, 6, 2])
(424, [4, 1, 5, 3, 6, 2])
(425, [1, 4, 5, 3, 6, 2])
(426, [1, 4, 5, 3, 2, 6])
(427, [4, 1, 5, 3, 2, 6])
(428, [4, 5, 1, 3, 2, 6])
(429, [4, 5, 3, 1, 2, 6])
(430, [4, 5, 3, 2, 1, 6])
(431, [4, 5, 3, 2, 6, 1])
(432, [4, 5, 2, 3, 6, 1])
(433, [4, 5, 2, 3, 1, 6])
(434, [4, 5, 2, 1, 3, 6])
(435, [4, 5, 1, 2, 3, 6])
(436, [4, 1, 5, 2, 3, 6])
(437, [1, 4, 5, 2, 3, 6])
(438, [1, 4, 2, 5, 3, 6])
(439, [4, 1, 2, 5, 3, 6])
(440, [4, 2, 1, 5, 3, 6])
(441, [4, 2, 5, 1, 3, 6])
(442, [4, 2, 5, 3, 1, 6])
(443, [4, 2, 5, 3, 6, 1])
(444, [2, 4, 5, 3, 6, 1])
(445, [2, 4, 5, 3, 1, 6])
(446, [2, 4, 5, 1, 3, 6])
(447, [2, 4, 1, 5, 3, 6])
(448, [2, 1, 4, 5, 3, 6])
(449, [1, 2, 4, 5, 3, 6])
(450, [1, 2, 4, 5, 6, 3])
(451, [2, 1, 4, 5, 6, 3])
(452, [2, 4, 1, 5, 6, 3])
(453, [2, 4, 5, 1, 6, 3])
(454, [2, 4, 5, 6, 1, 3])
(455, [2, 4, 5, 6, 3, 1])
(456, [4, 2, 5, 6, 3, 1])
(457, [4, 2, 5, 6, 1, 3])
(458, [4, 2, 5, 1, 6, 3])
(459, [4, 2, 1, 5, 6, 3])
(460, [4, 1, 2, 5, 6, 3])
(461, [1, 4, 2, 5, 6, 3])
(462, [1, 4, 5, 2, 6, 3])
(463, [4, 1, 5, 2, 6, 3])
(464, [4, 5, 1, 2, 6, 3])
(465, [4, 5, 2, 1, 6, 3])
(466, [4, 5, 2, 6, 1, 3])
(467, [4, 5, 2, 6, 3, 1])
(468, [4, 5, 6, 2, 3, 1])
(469, [4, 5, 6, 2, 1, 3])
(470, [4, 5, 6, 1, 2, 3])
(471, [4, 5, 1, 6, 2, 3])
(472, [4, 1, 5, 6, 2, 3])
(473, [1, 4, 5, 6, 2, 3])
(474, [1, 4, 5, 6, 3, 2])
(475, [4, 1, 5, 6, 3, 2])
(476, [4, 5, 1, 6, 3, 2])
(477, [4, 5, 6, 1, 3, 2])
(478, [4, 5, 6, 3, 1, 2])
(479, [4, 5, 6, 3, 2, 1])
(480, [5, 4, 6, 3, 2, 1])
(481, [5, 4, 6, 3, 1, 2])
(482, [5, 4, 6, 1, 3, 2])
(483, [5, 4, 1, 6, 3, 2])
(484, [5, 1, 4, 6, 3, 2])
(485, [1, 5, 4, 6, 3, 2])
(486, [1, 5, 4, 6, 2, 3])
(487, [5, 1, 4, 6, 2, 3])
(488, [5, 4, 1, 6, 2, 3])
(489, [5, 4, 6, 1, 2, 3])
(490, [5, 4, 6, 2, 1, 3])
(491, [5, 4, 6, 2, 3, 1])
(492, [5, 4, 2, 6, 3, 1])
(493, [5, 4, 2, 6, 1, 3])
(494, [5, 4, 2, 1, 6, 3])
(495, [5, 4, 1, 2, 6, 3])
(496, [5, 1, 4, 2, 6, 3])
(497, [1, 5, 4, 2, 6, 3])
(498, [1, 5, 2, 4, 6, 3])
(499, [5, 1, 2, 4, 6, 3])
(500, [5, 2, 1, 4, 6, 3])
(501, [5, 2, 4, 1, 6, 3])
(502, [5, 2, 4, 6, 1, 3])
(503, [5, 2, 4, 6, 3, 1])
(504, [2, 5, 4, 6, 3, 1])
(505, [2, 5, 4, 6, 1, 3])
(506, [2, 5, 4, 1, 6, 3])
(507, [2, 5, 1, 4, 6, 3])
(508, [2, 1, 5, 4, 6, 3])
(509, [1, 2, 5, 4, 6, 3])
(510, [1, 2, 5, 4, 3, 6])
(511, [2, 1, 5, 4, 3, 6])
(512, [2, 5, 1, 4, 3, 6])
(513, [2, 5, 4, 1, 3, 6])
(514, [2, 5, 4, 3, 1, 6])
(515, [2, 5, 4, 3, 6, 1])
(516, [5, 2, 4, 3, 6, 1])
(517, [5, 2, 4, 3, 1, 6])
(518, [5, 2, 4, 1, 3, 6])
(519, [5, 2, 1, 4, 3, 6])
(520, [5, 1, 2, 4, 3, 6])
(521, [1, 5, 2, 4, 3, 6])
(522, [1, 5, 4, 2, 3, 6])
(523, [5, 1, 4, 2, 3, 6])
(524, [5, 4, 1, 2, 3, 6])
(525, [5, 4, 2, 1, 3, 6])
(526, [5, 4, 2, 3, 1, 6])
(527, [5, 4, 2, 3, 6, 1])
(528, [5, 4, 3, 2, 6, 1])
(529, [5, 4, 3, 2, 1, 6])
(530, [5, 4, 3, 1, 2, 6])
(531, [5, 4, 1, 3, 2, 6])
(532, [5, 1, 4, 3, 2, 6])
(533, [1, 5, 4, 3, 2, 6])
(534, [1, 5, 4, 3, 6, 2])
(535, [5, 1, 4, 3, 6, 2])
(536, [5, 4, 1, 3, 6, 2])
(537, [5, 4, 3, 1, 6, 2])
(538, [5, 4, 3, 6, 1, 2])
(539, [5, 4, 3, 6, 2, 1])
(540, [5, 3, 4, 6, 2, 1])
(541, [5, 3, 4, 6, 1, 2])
(542, [5, 3, 4, 1, 6, 2])
(543, [5, 3, 1, 4, 6, 2])
(544, [5, 1, 3, 4, 6, 2])
(545, [1, 5, 3, 4, 6, 2])
(546, [1, 5, 3, 4, 2, 6])
(547, [5, 1, 3, 4, 2, 6])
(548, [5, 3, 1, 4, 2, 6])
(549, [5, 3, 4, 1, 2, 6])
(550, [5, 3, 4, 2, 1, 6])
(551, [5, 3, 4, 2, 6, 1])
(552, [5, 3, 2, 4, 6, 1])
(553, [5, 3, 2, 4, 1, 6])
(554, [5, 3, 2, 1, 4, 6])
(555, [5, 3, 1, 2, 4, 6])
(556, [5, 1, 3, 2, 4, 6])
(557, [1, 5, 3, 2, 4, 6])
(558, [1, 5, 2, 3, 4, 6])
(559, [5, 1, 2, 3, 4, 6])
(560, [5, 2, 1, 3, 4, 6])
(561, [5, 2, 3, 1, 4, 6])
(562, [5, 2, 3, 4, 1, 6])
(563, [5, 2, 3, 4, 6, 1])
(564, [2, 5, 3, 4, 6, 1])
(565, [2, 5, 3, 4, 1, 6])
(566, [2, 5, 3, 1, 4, 6])
(567, [2, 5, 1, 3, 4, 6])
(568, [2, 1, 5, 3, 4, 6])
(569, [1, 2, 5, 3, 4, 6])
(570, [1, 2, 3, 5, 4, 6])
(571, [2, 1, 3, 5, 4, 6])
(572, [2, 3, 1, 5, 4, 6])
(573, [2, 3, 5, 1, 4, 6])
(574, [2, 3, 5, 4, 1, 6])
(575, [2, 3, 5, 4, 6, 1])
(576, [3, 2, 5, 4, 6, 1])
(577, [3, 2, 5, 4, 1, 6])
(578, [3, 2, 5, 1, 4, 6])
(579, [3, 2, 1, 5, 4, 6])
(580, [3, 1, 2, 5, 4, 6])
(581, [1, 3, 2, 5, 4, 6])
(582, [1, 3, 5, 2, 4, 6])
(583, [3, 1, 5, 2, 4, 6])
(584, [3, 5, 1, 2, 4, 6])
(585, [3, 5, 2, 1, 4, 6])
(586, [3, 5, 2, 4, 1, 6])
(587, [3, 5, 2, 4, 6, 1])
(588, [3, 5, 4, 2, 6, 1])
(589, [3, 5, 4, 2, 1, 6])
(590, [3, 5, 4, 1, 2, 6])
(591, [3, 5, 1, 4, 2, 6])
(592, [3, 1, 5, 4, 2, 6])
(593, [1, 3, 5, 4, 2, 6])
(594, [1, 3, 5, 4, 6, 2])
(595, [3, 1, 5, 4, 6, 2])
(596, [3, 5, 1, 4, 6, 2])
(597, [3, 5, 4, 1, 6, 2])
(598, [3, 5, 4, 6, 1, 2])
(599, [3, 5, 4, 6, 2, 1])
(600, [3, 5, 6, 4, 2, 1])
(601, [3, 5, 6, 4, 1, 2])
(602, [3, 5, 6, 1, 4, 2])
(603, [3, 5, 1, 6, 4, 2])
(604, [3, 1, 5, 6, 4, 2])
(605, [1, 3, 5, 6, 4, 2])
(606, [1, 3, 5, 6, 2, 4])
(607, [3, 1, 5, 6, 2, 4])
(608, [3, 5, 1, 6, 2, 4])
(609, [3, 5, 6, 1, 2, 4])
(610, [3, 5, 6, 2, 1, 4])
(611, [3, 5, 6, 2, 4, 1])
(612, [3, 5, 2, 6, 4, 1])
(613, [3, 5, 2, 6, 1, 4])
(614, [3, 5, 2, 1, 6, 4])
(615, [3, 5, 1, 2, 6, 4])
(616, [3, 1, 5, 2, 6, 4])
(617, [1, 3, 5, 2, 6, 4])
(618, [1, 3, 2, 5, 6, 4])
(619, [3, 1, 2, 5, 6, 4])
(620, [3, 2, 1, 5, 6, 4])
(621, [3, 2, 5, 1, 6, 4])
(622, [3, 2, 5, 6, 1, 4])
(623, [3, 2, 5, 6, 4, 1])
(624, [2, 3, 5, 6, 4, 1])
(625, [2, 3, 5, 6, 1, 4])
(626, [2, 3, 5, 1, 6, 4])
(627, [2, 3, 1, 5, 6, 4])
(628, [2, 1, 3, 5, 6, 4])
(629, [1, 2, 3, 5, 6, 4])
(630, [1, 2, 5, 3, 6, 4])
(631, [2, 1, 5, 3, 6, 4])
(632, [2, 5, 1, 3, 6, 4])
(633, [2, 5, 3, 1, 6, 4])
(634, [2, 5, 3, 6, 1, 4])
(635, [2, 5, 3, 6, 4, 1])
(636, [5, 2, 3, 6, 4, 1])
(637, [5, 2, 3, 6, 1, 4])
(638, [5, 2, 3, 1, 6, 4])
(639, [5, 2, 1, 3, 6, 4])
(640, [5, 1, 2, 3, 6, 4])
(641, [1, 5, 2, 3, 6, 4])
(642, [1, 5, 3, 2, 6, 4])
(643, [5, 1, 3, 2, 6, 4])
(644, [5, 3, 1, 2, 6, 4])
(645, [5, 3, 2, 1, 6, 4])
(646, [5, 3, 2, 6, 1, 4])
(647, [5, 3, 2, 6, 4, 1])
(648, [5, 3, 6, 2, 4, 1])
(649, [5, 3, 6, 2, 1, 4])
(650, [5, 3, 6, 1, 2, 4])
(651, [5, 3, 1, 6, 2, 4])
(652, [5, 1, 3, 6, 2, 4])
(653, [1, 5, 3, 6, 2, 4])
(654, [1, 5, 3, 6, 4, 2])
(655, [5, 1, 3, 6, 4, 2])
(656, [5, 3, 1, 6, 4, 2])
(657, [5, 3, 6, 1, 4, 2])
(658, [5, 3, 6, 4, 1, 2])
(659, [5, 3, 6, 4, 2, 1])
(660, [5, 6, 3, 4, 2, 1])
(661, [5, 6, 3, 4, 1, 2])
(662, [5, 6, 3, 1, 4, 2])
(663, [5, 6, 1, 3, 4, 2])
(664, [5, 1, 6, 3, 4, 2])
(665, [1, 5, 6, 3, 4, 2])
(666, [1, 5, 6, 3, 2, 4])
(667, [5, 1, 6, 3, 2, 4])
(668, [5, 6, 1, 3, 2, 4])
(669, [5, 6, 3, 1, 2, 4])
(670, [5, 6, 3, 2, 1, 4])
(671, [5, 6, 3, 2, 4, 1])
(672, [5, 6, 2, 3, 4, 1])
(673, [5, 6, 2, 3, 1, 4])
(674, [5, 6, 2, 1, 3, 4])
(675, [5, 6, 1, 2, 3, 4])
(676, [5, 1, 6, 2, 3, 4])
(677, [1, 5, 6, 2, 3, 4])
(678, [1, 5, 2, 6, 3, 4])
(679, [5, 1, 2, 6, 3, 4])
(680, [5, 2, 1, 6, 3, 4])
(681, [5, 2, 6, 1, 3, 4])
(682, [5, 2, 6, 3, 1, 4])
(683, [5, 2, 6, 3, 4, 1])
(684, [2, 5, 6, 3, 4, 1])
(685, [2, 5, 6, 3, 1, 4])
(686, [2, 5, 6, 1, 3, 4])
(687, [2, 5, 1, 6, 3, 4])
(688, [2, 1, 5, 6, 3, 4])
(689, [1, 2, 5, 6, 3, 4])
(690, [1, 2, 5, 6, 4, 3])
(691, [2, 1, 5, 6, 4, 3])
(692, [2, 5, 1, 6, 4, 3])
(693, [2, 5, 6, 1, 4, 3])
(694, [2, 5, 6, 4, 1, 3])
(695, [2, 5, 6, 4, 3, 1])
(696, [5, 2, 6, 4, 3, 1])
(697, [5, 2, 6, 4, 1, 3])
(698, [5, 2, 6, 1, 4, 3])
(699, [5, 2, 1, 6, 4, 3])
(700, [5, 1, 2, 6, 4, 3])
(701, [1, 5, 2, 6, 4, 3])
(702, [1, 5, 6, 2, 4, 3])
(703, [5, 1, 6, 2, 4, 3])
(704, [5, 6, 1, 2, 4, 3])
(705, [5, 6, 2, 1, 4, 3])
(706, [5, 6, 2, 4, 1, 3])
(707, [5, 6, 2, 4, 3, 1])
(708, [5, 6, 4, 2, 3, 1])
(709, [5, 6, 4, 2, 1, 3])
(710, [5, 6, 4, 1, 2, 3])
(711, [5, 6, 1, 4, 2, 3])
(712, [5, 1, 6, 4, 2, 3])
(713, [1, 5, 6, 4, 2, 3])
(714, [1, 5, 6, 4, 3, 2])
(715, [5, 1, 6, 4, 3, 2])
(716, [5, 6, 1, 4, 3, 2])
(717, [5, 6, 4, 1, 3, 2])
(718, [5, 6, 4, 3, 1, 2])
(719, [5, 6, 4, 3, 2, 1])

